8386
1791
551
8930
3191
9922
8014
265
2482
6272
274
1570
9418
3643
3239
7796
4389
6456
900
7289
7010
5543
8018
2054
3406
7064
2141
3724
8007
236
4203
3019
7279
4396
4843
1306
8715
2486
9600
8780
412
6227
6093
573
9843
3472
4595
8021
205
1388
5620
3948
2676
100
7973
490
8954
1336
4306
3865
6641
1437
4834
435
6352
3120
5649
9204
4629
2247
9122
7379
5654
3476
1104
5806
9366
4096
9719
7511
3713
5266
7260
2281
270
9902
697
6040
6280
9482
3168
5197
2354
2933
774
4345
2657
4905
4369
8698
1207
6978
8324
8546
4608
4390
18
825
5973
9958
3474
6713
3475
5651
6251
6627
5243
7310
8972
6051
9157
2696
6262
3354
258
3988
5053
6379
4958
2653
6238
6509
9480
2481
9775
5921
9811
5189
4919
717
121
805
6815
7706
4186
6419
6787
3496
8701
9645
7049
3324
9089
3691
9707
1855
4100
1554
855
3878
3210
68
8307
9664
4290
9818
3642
292
1106
8075
5112
1161
2634
1538
6921
2073
6009
6535
640
3416
2672
6471
4173
5738
8675
9787
8385
8424
9920
9106
3386
998
2254
1079
7753
2341
4476
8436
5184
9544
4366
9143
8989
9471
1205
8684
9479
9924
263
2297
444
8614
2910
5552
5223
188
3751
93
4782
6234
9145
1080
7900
2889
329
4382
3281
3198
1204
1267
750
9514
9306
8250
7567
5107
6813
7364
7906
7740
5683
5020
917
7402
9196
2818
2033
4485
8838
9857
9669
7150
9859
2939
6804
9264
2285
9627
7649
2958
1149
5285
2540
8639
86
1415
1862
3513
8322
9722
9475
370
3291
8487
448
131
3853
9048
6047
3618
9840
3018
2418
8318
8501
4511
1737
8008
6945
2440
3809
2464
3227
6165
8633
4073
2871
9971
3913
3450
7497
8227
8300
4863
291
456
9505
8043
5796
7148
2571
3516
1058
2553
9460
6684
6595
9605
6599
8922
119
3285
6268
4978
7074
7976
647
3043
2782
2736
1463
4562
4125
478
8430
7673
5325
9936
5636
2255
9560
7219
6927
3444
712
4566
2944
6314
7563
3050
4241
6445
7174
5628
8395
957
2443
1945
7096
1245
1755
5036
7030
6512
9900
571
8090
3062
8044
8172
6102
6346
3579
8725
3264
5357
9253
4360
5298
4822
8443
2228
6585
1180
5633
4937
5182
7624
9182
2374
7540
2134
6002
9511
1071
3564
6806
3279
6435
7797
9815
1752
6300
9862
2765
111
5990
5449
3464
9949
5005
3698
5192
5247
488
5061
300
2647
9410
5989
1563
3443
5505
9363
9064
6743
6558
3622
3445
1384
2363
1302
6866
5253
5664
3047
9499
1033
7848
1507
4838
5916
5629
749
2488
2121
2717
197
9212
4357
960
9098
7896
6600
4848
4861
9797
7330
6403
6418
9277
5718
1289
3728
2735
9503
6190
9620
2764
3401
8680
1084
7083
5630
7487
9651
6817
5758
7073
7286
7072
6038
2471
1250
4955
4457
5486
8365
7271
7731
3731
415
3757
2745
1457
8000
9814
7410
5464
1505
3628
8115
4072
1514
5377
2943
8915
5257
3990
1268
190
1238
4659
2954
1971
4272
6737
3040
5313
8120
2161
2858
892
9816
943
3541
3258
9929
5448
8472
9658
2014
9642
9085
3171
1974
3030
9834
5155
6301
796
3259
7804
3487
6303
1468
6067
9709
5521
2839
4419
4181
3667
7827
8249
6408
901
4932
4104
2400
281
3002
5365
3711
8857
4024
5210
4210
9629
6076
8584
4147
5064
7595
9688
257
638
3789
7830
5404
6110
9591
5321
6725
8439
2780
179
9001
6678
1883
8214
1907
7645
1756
4249
7437
1705
9947
4368
622
9276
1743
211
416
5222
4458
9360
6427
4596
6608
8415
6807
1805
8593
6324
5846
1189
5256
4133
920
3834
7735
5760
9031
9483
8522
21
8939
481
1485
716
1304
1066
9297
6129
7737
9520
8336
710
2098
1261
1330
1054
293
9095
5457
5753
3375
9853
6754
1057
8368
4587
1900
3726
4378
5463
2097
5502
9621
7674
8206
3126
8103
8308
1493
227
2019
6728
4402
9489
7905
1024
1608
4560
8861
8567
4879
1577
2444
983
7331
6871
1740
3135
8846
7885
6693
3026
4747
1856
5400
2785
2233
9755
7881
9940
7115
3961
186
4164
9364
5202
2652
1619
3452
5079
7622
1214
4499
9429
8356
8613
4828
2665
9139
4786
9918
4567
4623
4940
7584
408
5401
9250
7763
6835
5639
4535
2084
4168
8517
2768
8450
2308
2955
7949
9334
5853
1970
5917
4049
6913
7547
8942
7967
6604
1361
268
9243
6430
9190
739
4187
7465
7644
4552
7207
1684
5405
4615
8224
3682
9278
2204
7846
2846
3144
8428
9848
7068
5009
1183
610
2437
8325
4885
7809
2053
7721
1212
3314
9798
8134
711
2611
3244
2545
4963
9696
2421
6328
2007
4546
7085
8917
3566
762
3458
3167
7390
2173
2789
3716
4704
6590
362
4667
9868
7221
5830
7316
8028
5241
5305
791
7146
8409
2971
1623
450
1272
9701
2668
9584
9708
1610
72
8124
9655
5686
568
8903
1259
9193
4668
1402
5085
6618
3394
1193
3850
5640
4531
1491
8376
558
8631
2559
2924
4583
6683
7707
1700
2124
764
440
8023
7488
3916
6429
842
3663
721
7462
1353
9242
2147
1225
7367
1673
47
8287
6431
6968
6277
66
7588
8586
7571
3856
1201
5933
4340
4038
2192
6826
1021
1759
2404
6687
2389
8109
4422
1541
7026
3222
1083
95
2823
22
7270
1708
5102
745
6560
6098
3466
4007
6827
5977
9133
3769
6500
9340
9126
7680
3737
5101
2648
1186
8360
2023
2914
4151
9725
4881
4709
1511
1736
6423
6159
2525
6287
6777
635
9419
7727
9385
4691
5754
422
1968
5465
9944
5347
2135
8820
8286
3921
3263
4529
5856
7662
3987
3552
9525
7313
1643
116
7166
6391
4275
7879
4736
8763
6086
5679
7303
945
2194
208
1510
6151
6681
9801
9791
8901
3796
8905
6124
7109
6334
517
4944
3954
1657
5028
4798
4641
761
7041
4285
306
5224
9810
7679
2287
8876
9357
