6445
57686
11178
65712
12609
75715
78802
15227
22137
9989
71223
91367
43777
43397
20631
67253
94207
52533
45917
30815
50832
69756
54609
70210
81543
18840
67771
16176
7491
55461
26315
52723
23196
30828
28933
9277
99028
20526
56098
26945
36216
88590
37086
70420
15151
29829
657
85542
76275
48490
57049
16270
2404
4831
80421
68933
54101
96570
96977
11511
59386
22086
93838
82868
99489
63671
43090
40531
26254
44676
49479
55493
16199
55602
90558
87437
41068
44703
30085
79465
34688
53064
5946
93288
36705
76624
16677
25777
57853
71995
15132
34413
22566
35685
35326
43768
84211
7437
21740
99847
99136
5763
40253
27191
43264
96737
2829
85415
31946
95684
31074
59778
72905
63964
8955
30400
53926
52544
99389
7614
13599
14733
90933
81297
37521
19721
34660
74910
14605
85685
16742
55352
67239
41446
60842
5333
6590
74884
65630
99293
33285
9749
62404
38770
74681
80595
82096
2323
58798
94852
96027
40113
87504
31495
61392
37032
59052
35011
60969
13565
33619
44966
15565
57397
20572
6617
35013
10735
28839
9133
88061
64078
84933
80341
2509
76883
5560
30045
54543
2872
33765
25312
76459
52297
97013
64402
36142
20817
35520
22899
17791
88489
9994
96617
1002
79230
53006
7197
1347
24434
28122
52407
43385
16674
78719
28305
44590
60630
38358
32003
12167
17063
14944
74475
50075
70489
62765
9967
47590
2005
38933
54651
30793
80647
84041
29517
69726
51235
73360
65850
19185
50741
99120
55558
32975
25463
72366
77323
80272
77824
62028
84026
47820
97255
42092
5786
50188
27019
59598
71801
59342
95079
20693
66679
10092
74259
8522
23510
94181
30330
71088
64790
69606
146
86869
82958
74434
13723
91268
75935
20754
56771
16905
56807
52103
14869
38084
85187
59322
92760
12911
22783
13892
188
61814
1712
92734
34631
9057
74995
60903
94087
11706
91835
22353
82621
24131
86663
21797
70965
17256
82959
67359
67267
81703
89563
38923
87716
31312
95504
6642
40612
42024
25439
8233
34227
38070
5291
48887
96602
10071
11411
29975
90891
8140
90350
77885
52771
65025
24983
89881
20355
26960
38966
48235
60217
90335
14806
74979
53824
23329
16432
57881
3514
60673
5215
59764
60329
17994
65113
84455
12988
37675
68166
29109
44894
55298
4168
50012
94263
6846
30851
31102
89637
63480
96087
51003
54971
57288
63061
27911
42393
94220
23278
69630
15275
10243
86506
98077
68531
21876
7717
17016
17881
27228
19471
99371
57211
32135
25588
15561
16383
53714
43496
45188
83109
45815
72230
66156
33878
45704
11613
47744
42497
98413
21115
29520
35499
3108
63600
80243
81467
53699
12413
65783
83554
72486
20016
21662
25633
66460
36447
11194
8375
79836
76799
97636
8630
4491
95310
70500
39127
12300
80285
18862
17392
65424
29473
48911
3527
29059
12738
37337
52673
57743
59750
43968
38761
42671
15521
78376
87906
80082
82964
48670
39548
27207
95323
69611
56791
84944
62645
90731
74554
46911
58645
98027
6197
41484
45165
91509
58354
40807
38889
60367
79806
62219
11028
17025
93452
84375
31678
59537
84713
72232
27733
73488
14668
46763
56946
6459
38561
47895
1444
80895
33741
48886
30051
96704
60244
24892
55203
15009
9489
39274
96683
55656
81545
10133
23986
33230
31024
84206
34199
93946
6756
99277
39596
19805
12680
35913
84536
90353
37009
96022
58688
3328
68473
84584
29804
17175
21678
9447
17475
10971
99750
87341
12519
69313
77290
36039
24469
99688
41274
7916
99475
51391
41861
76258
66778
56920
48124
14396
7657
65809
76403
41966
9025
53754
31738
68360
74230
36438
24323
10351
75104
55133
35862
41859
17530
1044
97420
70853
96270
72215
32263
96512
79074
91529
15943
46725
65688
18293
55370
16550
70351
26107
7134
64015
22897
19743
56509
79
31050
42557
33886
93855
80479
61015
97804
22009
82602
34322
10971
94024
46248
3882
30590
47695
72451
82270
96305
9237
51756
69780
17163
57378
97387
66211
93149
24130
95172
19552
58655
2155
98989
4612
33748
30619
37011
90743
5385
90425
91290
30618
13357
28489
23801
42286
95128
19394
63048
16063
80242
29410
50856
27464
83219
22981
74470
87556
63695
82673
89473
63800
51131
24480
34776
70405
86888
89802
37047
77301
25642
69656
91101
69060
67824
48320
33445
73493
51225
1266
68020
41788
25314
86245
24068
62597
77050
97590
90195
64418
41315
20891
57469
72561
18765
96736
62427
14085
78485
98196
13576
80995
49492
27159
92546
34431
37551
46418
70406
36969
65549
35141
41560
37265
5670
91814
82261
52615
81407
80497
74394
99577
19039
12865
36977
37452
98612
79106
89894
54880
1545
47049
65364
87536
56694
86887
34048
71040
66428
76455
81114
79970
95324
60981
9100
57000
67293
82995
3216
95864
52772
86596
28884
47902
95716
41833
59251
15073
8652
95870
902
52446
91046
79404
83533
51758
32508
32742
94587
65162
59801
64905
85306
49840
72226
98685
92338
90249
99785
75525
69863
23106
11729
98122
86181
79444
47997
47574
69357
74699
30409
98835
56004
53709
17312
84147
90184
57758
57852
41522
75160
91359
86809
24458
50886
65680
73238
12910
76392
25225
21316
11463
36316
3167
85216
42617
18810
82702
42968
72663
95251
15109
39822
16549
66788
48999
27819
17770
95574
61364
22171
78626
56518
54161
92443
41225
71836
66227
72970
61180
71123
71762
49710
95742
1997
94172
83327
30181
32897
48483
66748
88773
38653
84161
91171
73499
48691
92183
37084
38221
46927
78414
13139
57220
11939
96566
45740
60311
15942
80031
27556
79413
94708
47542
15786
53162
48073
9146
50193
72322
23255
76811
73961
95920
45307
94686
36217
33488
79418
743
13970
62678
39669
59273
24925
98766
79367
89467
67109
74376
41334
9151
74210
56704
2077
54121
95073
32648
68001
6513
29989
37353
7146
68093
65939
53547
95521
90680
36725
44137
78307
87378
85221
78271
63154
8862
65810
71866
57822
35993
71198
61349
27143
19518
42942
12989
99825
74727
30345
88235
2084
64959
13084
65519
86272
84617
57957
45480
31
32620
79892
16676
8095
42631
15803
35247
64937
8330
65401
60646
64509
19982
58083
58566
93859
52213
11126
6362
31845
83275
92603
66349
36222
61236
20120
87119
72314
50838
12459
33975
63012
86859
14312
43180
43731
77393
94638
7793
96397
13710
94760
14387
49015
65933
88231
4622
27494
31516
95807
1981
77635
9605
72283
51797
49133
19720
1496
41906
39757
33501
78704
10706
79814
8264
34009
49619
25169
90571
18338
17546
8171
39248
41307
60708
51011
95395
45132
77416
44842
76805
81529
42786
82106
46700
21903
49651
96404
53560
48368
51584
68619
4617
72264
63152
2102
53841
92085
95287
23931
89865
36235
57192
46464
11624
1471
87617
99902
23074
33732
95971
29354
46845
40070
89566
25279
12107
34435
7013
12619
63095
32139
62887
38818
33802
32312
44340
83561
16276
6396
86879
99740
82900
28486
46425
42934
25856
126
11255
15675
28325
41766
91704
14100
47610
81399
25277
81049
6628
20816
5779
29161
20337
45872
8802
33173
36518
10909
99894
55024
32020
81431
39027
64483
3774
44514
48673
21353
80167
8135
91487
3150
91177
30587
5558
69676
54985
92432
12147
17135
24135
33609
91119
7606
56988
77450
85003
4939
94299
54181
87862
81053
69156
72824
89438
87101
71398
34430
94350
80639
76641
80060
47767
8919
1505
31745
80846
45560
28961
372
65781
79211
66710
42655
81063
51741
75172
14476
5384
28895
47893
60607
88506
6128
42695
99786
58988
72829
428
22401
27425
34104
71469
53777
86694
80754
58601
4775
76661
52068
97591
27304
17488
67848
55766
76484
6614
42133
91272
60863
36058
91486
52903
36910
51927
97405
71846
54226
56975
82031
74539
9688
23054
71183
29652
25294
98839
85976
2536
9497
22277
44599
62231
76675
16404
90620
48525
42054
41952
97426
49607
57631
26201
80891
30687
50470
10382
71330
31683
16260
65445
78067
59642
69115
40800
44062
18091
5580
97431
35057
35272
90170
12951
14053
34797
28420
51042
38477
91816
35023
17617
70289
1655
82532
96962
72741
97878
50846
56587
72053
49425
87489
64037
59630
20152
98280
82542
59859
77020
11723
81911
3460
6087
66492
39011
99161
59268
6779
72332
85030
99296
11833
79634
47369
48427
57240
46499
16623
16172
71503
44393
36347
1773
44949
22182
66433
93706
28957
35280
14302
46926
47715
77786
16802
63664
6037
85971
73871
78849
63262
94590
1912
39297
61621
66480
83362
3884
32205
93168
68435
7561
75566
33772
59455
38002
37230
77634
99100
8496
85813
6364
72908
54566
54273
27042
48183
57161
24544
75423
54438
95593
9357
64627
27020
64038
33525
59497
19207
90471
2370
41192
59153
48263
89937
67159
84238
37471
61499
39521
55803
4005
72614
20821
6149
39502
32173
2260
39453
13548
94391
74648
25130
89499
31586
36833
32817
11700
31365
45362
49627
56837
10488
18734
61303
78702
72258
7038
29416
90948
89736
36497
45214
33344
89652
16668
51799
90826
68513
28694
39207
57488
42609
40635
41335
24388
1854
89979
93175
38256
13961
28932
77057
79868
26871
59189
6960
90624
5027
21704
98737
81357
16929
1151
93526
2337
93060
72728
93510
8595
33293
48756
63265
10810
55039
23141
61516
43695
65689
3683
94192
17197
22797
30070
47518
95500
89319
85445
32972
60500
16367
79893
48198
27496
73793
40124
31160
16681
8535
20732
39338
30946
23316
90896
39319
12666
85222
7167
66938
851
71044
15065
67636
50713
66493
66333
11374
3539
23018
36903
95145
64263
5605
55637
5994
47266
21648
55467
46673
12548
24855
2771
47190
56222
54256
59396
96378
63734
27140
49125
2246
5428
60420
91461
71922
3020
66091
49877
32279
34594
62032
71603
12476
46147
32497
15959
76838
45758
66229
55125
33475
23362
78218
10087
69759
55646
61205
64893
25181
37073
63968
52153
40811
48537
23335
63767
47704
33785
45645
69408
74200
51540
23092
28075
23990
58007
86192
59170
1827
95035
9005
33702
96383
3234
58769
17074
89869
19362
92158
37876
93336
53381
13963
19937
14234
97749
33778
62845
17394
46377
82117
87798
82369
13870
57880
87295
61558
28430
33465
19214
41417
48625
13420
45601
58167
30615
65406
46398
78977
57814
70871
91215
38286
42243
95127
60844
73286
84484
4334
10126
84859
73419
97680
16809
29626
41849
59734
78437
75976
65798
7160
73138
13182
25818
97691
67485
79411
35085
56305
99405
54506
59715
37549
8151
16770
55434
97374
61277
6047
6368
76988
20422
46102
68638
63380
59053
30314
48309
47957
39346
19667
89482
51479
78117
67354
21675
69014
21626
40805
22103
6122
70987
25980
25747
47264
10935
13831
573
17356
16018
88816
63205
80553
23452
35820
83610
27328
78396
31290
55039
45468
14197
27409
72797
11587
83217
95024
96693
56859
39103
53734
54735
17459
32216
97913
12641
57589
40722
87208
82888
13016
47454
78942
23545
66820
32610
19026
66956
90584
57948
19490
15797
67345
34434
90242
55845
2081
92495
1879
89232
91983
18820
90345
4803
2973
95261
86274
6942
44906
90366
20252
81760
51054
85921
10381
70305
75711
7336
30105
87706
32417
18544
9541
83124
58869
72805
23979
25917
19174
84134
91672
16156
17226
9416
51130
44120
46600
90048
20854
2322
47586
16208
38640
23976
82745
64135
33722
1884
10751
76524
6406
50341
5614
11045
74714
79164
58107
59055
88504
94431
88846
60534
64529
81819
32535
77470
62398
72510
70655
66352
87806
54998
226
30338
64564
73697
46749
49798
56720
93126
75287
64745
40488
76200
55992
54749
6815
617
82947
3689
45955
75236
35007
85564
14320
59260
16849
50440
32594
35430
20484
59545
89265
4201
39570
91225
19375
62932
89928
48328
62618
78160
90226
19423
19446
59607
36660
3011
26799
87876
91550
32177
45891
56073
48974
53667
84794
88562
86902
31724
2028
78299
19808
83775
84611
47207
38921
46638
40178
73422
97022
53893
13196
55557
19030
3870
82854
12468
36375
96727
69723
34683
75186
20591
90500
28180
47341
7870
61958
96273
40848
95614
23566
12770
28471
4732
33369
14926
38899
34980
51655
33577
46105
24968
5810
54980
74092
40266
25368
58315
10618
99183
18867
25021
56883
12511
44990
84055
12621
99204
66387
386
75045
47339
34436
36951
44125
96713
92778
53201
3691
34814
22087
65973
25681
96334
19410
50345
74831
36364
1503
44813
70624
64939
63213
99698
78827
12930
30344
50150
20676
22947
4750
39825
39527
36151
20700
60692
36352
89383
97297
41676
75092
70736
63741
38797
50569
67843
78761
58944
78140
15228
38964
97044
1788
88827
30704
2880
7214
21733
56959
8488
81593
51015
63346
89887
29676
28522
98997
1016
61509
20565
911
20190
4996
10150
69308
53018
28469
47407
6447
67305
90525
5225
69869
92891
12279
22197
90250
3519
59787
79527
39980
62310
34190
30079
32992
48510
15153
89794
57609
4353
42824
66316
3466
79766
49371
94424
21367
48185
24498
2356
79627
94845
76664
84163
25581
56335
25382
9292
35723
4837
44136
64686
276
82237
5282
19841
83874
78254
13385
76570
89028
31327
82346
53872
98867
25704
61070
63124
2805
86092
97250
67530
3453
33321
3903
65456
73332
76591
93939
27022
25319
39222
63871
68532
37638
79047
82119
82381
26061
23049
68125
81665
55906
99894
13766
96329
38168
22417
36437
5629
235
59592
94828
55869
62963
34550
51476
18380
93409
61395
43704
48019
50486
6971
87337
1393
87012
24139
36954
22429
55789
71267
64566
8749
5833
98421
69020
27529
76622
38455
88402
84754
42328
702
92849
54287
4436
24259
12525
48388
56388
44861
30113
51002
79608
54394
49603
7970
52298
91716
31855
5981
86053
52288
28511
41283
84061
98438
18845
8739
6739
82054
20506
40914
47254
27339
29272
52448
92143
6175
27060
50359
85698
63960
49462
74382
56371
36909
56426
52442
3715
70355
19288
20385
17036
12932
15208
32025
62748
7380
53568
5154
38928
3286
92876
78965
59621
18793
8830
91147
44968
66537
30968
81900
15177
37800
32271
59382
70837
52073
35313
24003
37817
11974
70926
35290
73649
19084
76707
85768
6469
61304
14150
83229
30483
70409
81740
74469
75014
34049
52349
9464
11907
46834
12022
99550
11205
39327
70955
5666
10411
26074
2120
18102
75240
12597
32583
44706
15398
5360
58395
71294
61937
37145
24255
66577
59084
54985
40581
60841
77812
91325
28326
55964
93603
34296
28366
36456
92465
93671
21620
87542
21844
33838
62571
86377
41551
85755
24106
12338
54862
47659
27977
47676
35678
40610
63783
97031
13491
62064
67573
39321
69242
45197
72931
47622
11232
14755
49918
32970
22876
96933
77367
20579
57384
71368
17068
39390
3054
96047
51627
89831
80191
22422
6781
20403
9449
31555
45240
882
42450
16459
92503
14291
67098
40974
6702
22209
67693
23984
18226
1888
72199
60631
84500
97045
17897
27110
67177
4048
6320
9872
92571
13012
52024
19619
91944
38642
71425
23893
44003
80751
46711
1220
69684
96404
14783
33166
22106
55855
28207
20098
65145
84900
36166
84998
10432
72625
2560
9607
36509
93896
87947
11743
38578
72233
19558
4984
33251
50216
87242
24299
83476
20475
14356
84130
78398
72679
80489
21188
38810
58066
61251
65068
76915
77621
857
69751
27906
63332
51593
92024
53696
82287
52224
96056
95339
20381
39144
1570
76878
4951
18393
17136
26776
93334
38265
80519
7392
50165
34080
32406
2510
50214
57586
79058
98657
21644
75535
15047
73528
39451
69515
88864
65620
73197
87579
19128
44136
49748
60892
18901
61429
58927
47029
31385
64143
5606
5353
12491
72364
35134
65922
35731
6328
52978
49180
33704
24745
79393
52376
15807
21339
13081
63128
32005
79291
61647
78082
94874
4397
74432
21917
87006
67045
41218
36852
80728
16205
38225
87284
34238
87418
68580
76876
71985
67462
84327
40683
99199
99529
45395
53357
646
17749
71610
98039
74850
77684
92714
82510
86597
76616
9501
87423
80283
7577
96312
24058
74413
79596
48883
25678
98251
13840
38929
93751
44768
22979
80957
81404
65962
93059
50445
28739
9981
73308
61435
72130
73945
84635
77409
24257
52739
23127
31543
25623
9418
63129
3998
97077
76983
15434
99032
29125
36843
9030
55955
94273
81981
16285
30412
59353
59685
93664
8597
5737
63967
13985
60350
33598
7653
81406
99238
35008
23379
48632
23885
77570
41970
55625
62466
63343
2639
11554
47472
9518
85371
31101
60339
80310
63242
76747
26810
9267
88320
27811
3906
20888
43855
30871
50848
46423
23841
36080
20529
84972
75538
61683
56420
68244
15207
7207
84426
29858
78140
17468
10903
2747
46261
56703
5904
54586
41300
14301
22838
51218
60852
87726
66511
21358
52013
63559
24610
97662
10581
98290
84234
32570
94079
4447
23212
5949
47861
33000
16393
5299
58264
28239
2976
12523
16076
31316
52550
14690
21239
79633
73460
93999
52694
61905
78499
63687
55430
51397
51963
67794
42691
84249
64885
30301
47541
83480
84111
46346
11085
95250
14058
67632
79936
87919
70609
26025
68638
53335
40699
95501
36167
51827
59305
77125
31833
99884
29210
3621
73970
95549
18850
24077
67850
28183
88560
47080
46410
72937
66310
62764
43663
2302
97708
30084
56289
85242
72207
6063
61453
80038
20794
67562
68521
21599
55411
41463
56645
55036
16074
49686
41288
77155
91627
16182
18309
89210
60493
28537
32360
19644
29695
87245
72912
59618
78824
60753
20929
52160
58378
21241
81103
11338
14999
28125
19162
59256
10383
70860
77280
22497
98933
94422
28914
59988
62836
57608
48921
50528
16978
35358
28104
5920
45293
63841
62349
62622
58233
153
78285
31638
32811
19449
7795
85468
65554
88283
46672
6770
25811
3616
38730
94318
15502
58214
67585
86086
11410
88234
91149
9571
25780
66883
95302
92167
15674
83895
78760
88168
50441
98197
69318
4734
20278
55030
3125
48084
21182
69876
31843
81614
97006
99895
21697
41720
67697
21807
23148
89058
61610
32347
68120
71672
28187
55491
60953
44478
24243
98689
55531
57684
39688
10142
63848
35995
50316
66991
40743
21098
43674
66731
62462
6455
1866
90648
79949
64763
40197
54290
72547
97716
72523
29397
50580
96472
58764
22998
18515
20450
46095
79628
30160
29378
89911
2604
5160
28464
7903
15777
38037
67438
82021
507
75948
44279
81934
75187
80910
76294
16348
37545
5487
83591
15607
2863
2607
25294
18499
35243
76658
43350
19257
27525
56203
59765
70265
93407
16277
30683
51217
56283
89063
64237
33024
81567
53301
41174
78676
85195
68260
60743
5801
74842
2261
671
55769
26195
39411
11942
85893
18498
25519
29229
87257
2153
77410
37301
10388
40190
93683
45681
90289
18580
83184
75503
22650
97445
25970
59917
18285
5545
56205
50157
38758
35065
56940
18584
74919
9819
87759
52205
42348
12484
77691
26631
87394
7882
56845
56408
98886
80163
74799
76163
83363
52826
69941
77397
31751
54510
14773
43209
79126
65875
69214
28492
57290
66846
95165
37103
18162
96568
46769
89498
88903
45041
66489
19897
40562
5019
12909
32624
28513
61461
69949
85806
88518
9342
94353
2286
91120
52879
35901
30224
82372
41824
39187
33297
69704
75950
29618
28266
46847
35814
92845
80075
60993
92539
80029
77030
1245
34323
17649
49191
71521
68693
35843
62553
12033
84934
15843
69002
94922
44032
55551
41799
72822
25212
71278
72472
76600
53126
96307
18215
87002
53403
67141
51701
43085
9433
1180
68371
18673
65804
39303
74440
74235
69344
8713
62751
29619
65541
94976
12648
98640
15223
72567
54706
1018
43953
44325
74281
93713
75041
76307
87786
95407
97536
35644
12333
57722
79871
85219
57105
65598
8837
95379
30411
82590
54397
99315
208
93281
68438
93586
98406
40601
45204
87210
17220
32459
51359
7285
18558
39531
75717
33589
76338
70349
1784
67201
63030
22742
16868
99469
67274
355
70894
97569
90381
30195
31240
91328
61682
20902
9588
66665
53045
25950
9802
79838
17736
72093
36463
10800
42432
81818
6005
39970
64334
69847
48489
76922
81180
6890
31090
34870
38061
41820
27002
47230
73548
85799
36338
85980
76027
74807
33940
88279
67103
1559
66294
35575
94225
40158
22358
82518
1328
37263
98341
75351
26276
99124
60806
46911
7998
10779
68347
2795
26297
14607
57843
85493
70714
13338
16864
29597
48527
79672
16702
78230
51499
4552
96524
98666
1519
91341
5774
96142
90150
78539
20637
96758
27497
65536
35259
1194
87079
20830
76636
35955
32052
85431
2550
8553
89690
13795
36778
58151
61233
25123
66048
54713
23788
96196
34239
98910
32464
17939
51073
94337
76518
78111
3488
69843
81590
70378
79168
74671
63546
63258
63272
27972
6622
41902
25849
19027
99167
18601
70452
18536
46752
37904
15485
25073
52325
88881
9688
47168
56691
93168
67037
80707
56028
81567
19855
16693
17143
20202
42338
78929
19633
85672
6887
8311
54635
31789
7253
74922
42384
24091
20719
26879
22117
433
10494
58937
69152
86949
32665
25312
14520
82138
74982
2650
12356
1769
86225
88847
95605
13334
74218
10619
18690
41401
29662
13115
86136
89568
10433
53005
50553
31137
74645
20806
19903
92018
66897
73233
23043
95753
21809
40074
94471
94542
23013
91239
41997
20985
8141
48990
19645
52073
5999
7223
89084
60007
41035
51151
36741
1684
54299
14864
53703
41705
38490
586
55704
70833
83632
34612
81918
34024
92052
40058
52852
6883
73398
46098
10006
92616
21546
56616
58950
89959
43545
3973
37235
60782
93609
43678
83289
16064
52956
19389
92690
10017
24970
27275
85139
63455
67228
73048
50808
23201
69696
32178
82713
62825
352
10758
45350
95730
27472
13505
72286
661
4270
75685
77429
76240
47473
36487
41126
52257
36002
83511
12968
2373
27336
73479
10176
95767
53545
81027
98228
93186
88287
3979
44518
77217
4163
18128
97928
31048
6706
57699
90268
80545
47826
36037
66120
874
69404
52199
85942
81893
84185
4654
51605
83884
40990
26171
60451
85520
5824
37321
46496
66521
58210
21643
29772
45537
25661
61846
15571
23019
28888
52517
12487
88798
35074
14035
76245
98512
7626
96728
80580
2
13441
76932
32623
45900
81705
87382
10317
17284
66323
17329
40580
72306
3143
19887
80426
11369
44215
40678
62195
68323
92836
23690
95383
47741
1563
19964
35873
1956
49245
96467
44239
6632
13488
97537
89999
55017
43260
20954
64388
47784
92526
23475
45387
8124
78935
87634
66977
82603
67274
71407
36440
44729
32116
39593
69551
60668
54632
73923
81357
94485
71203
7345
96867
56063
48115
95288
41206
57219
1295
10075
53393
17190
35364
85137
70326
22958
59843
51941
18425
67319
73458
2478
49382
47884
7597
7604
83881
5155
72362
81267
90104
73900
84023
48815
61008
89267
65891
49057
87033
19595
53853
47880
36254
95965
8138
72079
77386
23836
88757
78363
33614
91853
96699
63429
29712
77834
41208
3487
89052
21788
16803
43352
84345
73792
77629
78575
73785
72181
94672
73798
49980
50487
62461
14381
30382
57428
98240
93930
53764
20505
7713
30909
54039
83936
12053
19125
16446
6967
64152
36758
75597
90261
79719
4314
97609
84539
33896
76601
46161
26831
15500
66680
65537
10821
48352
58796
96638
48544
91322
66693
82533
57858
74963
92458
93692
19812
20441
39188
3698
92204
26561
65237
63716
97122
35647
82757
60144
49175
73134
40940
9633
5618
12781
31743
94910
22404
35528
76165
48885
76660
71981
83701
89813
92415
18569
31554
66249
1746
6670
30998
62462
14964
91527
44424
137
59808
82270
57503
65172
8651
80448
67251
81481
31852
21705
97713
85481
41637
81188
8325
76237
80760
64507
60637
71269
50383
90223
46880
68610
55581
79761
56478
25322
43096
31341
40455
69743
87130
98398
58028
81181
79683
74134
84613
61186
5135
6161
76085
67992
4551
77832
81751
25209
95513
62286
59914
77795
13523
244
50015
54555
21378
4317
6296
88921
35491
77661
83157
90453
45134
99248
42769
92469
42938
3067
14765
37900
55108
95398
54015
99886
69393
89386
36735
29633
2131
58396
38317
81006
92390
67546
87626
79336
81534
16232
63828
13647
19250
24869
62429
94404
79551
1965
71513
23721
21349
66238
45577
77862
79242
91820
179
58648
59330
96764
87979
92704
85074
46651
57277
57061
32252
95057
44948
19193
17087
85383
12929
33021
24180
69179
63232
82259
42577
65076
392
915
98528
3459
96929
52781
52605
99760
77480
52233
37954
57125
42992
64361
23012
43507
18852
60490
65
95550
31476
95773
58353
68546
59622
69089
83549
50554
67101
43604
60246
36418
41279
81212
33276
63578
19520
19613
82871
60972
57645
62733
45518
44927
33775
92188
16230
11976
66297
64553
28679
14364
5826
47930
49751
91883
29603
73652
26917
30964
3851
61362
48870
66493
24179
54568
67128
51495
33431
35700
6565
40202
71713
64133
15310
78886
25172
3889
7742
80672
63200
18965
64631
30944
60364
36028
59410
63966
87692
8397
83125
26513
48595
25887
35492
22334
40284
66106
36115
57185
68441
75978
90981
94553
60479
47023
92248
97906
25802
12075
61780
13712
33389
80990
28217
18049
38876
58047
85237
32733
24321
42169
49035
43071
80578
66009
59846
13230
27985
96420
36824
18447
82971
10790
47178
95631
86669
77219
92076
54454
53653
31127
24206
53296
51150
58371
7242
54326
79691
35003
50565
51006
59359
75748
34215
18926
44065
52538
502
49966
14719
1756
87349
54787
39655
4274
12438
25029
53285
8950
46409
69382
62434
73058
89805
14224
15827
79004
82155
20998
50405
56609
58708
64897
29974
6602
54646
25620
72219
33909
24366
38887
61690
22468
30947
86500
87713
42299
60019
32441
98905
80884
78891
42062
5719
80384
31404
75006
46986
74524
34453
23849
947
86772
25953
88442
27640
79550
90409
22541
69514
31254
94818
63722
56730
30265
84983
16114
30039
56595
89674
15978
60864
62540
55716
79805
31433
62823
54838
1708
17833
37571
25248
71400
74657
2649
23902
5525
31384
64330
3086
26982
96408
35782
49031
18283
56644
65323
60632
82313
44244
64633
77497
29672
53911
61859
50033
93303
73265
75232
93566
31883
72551
11756
43983
90359
51053
38543
91365
35502
83888
77578
68742
67882
84077
13592
47345
44
84629
18727
74367
24840
21057
8972
86
11370
90803
82470
74786
35537
13078
33467
27825
24378
31589
44713
52783
89758
67941
83053
91793
75112
32125
96454
9219
2952
72484
51668
64762
74612
35745
45088
20153
61260
93757
69059
94956
21878
70504
50624
11199
48622
99102
64034
99643
97571
35795
13528
82215
5533
15522
36825
35979
84086
38716
68185
23129
51152
33121
34993
2842
77366
40509
96350
63184
18524
62013
86445
89037
75894
3498
47390
3571
86411
85868
76467
14914
88009
6748
88517
10886
38389
22321
50600
23429
41907
60740
31093
72324
36048
98224
39022
31707
15277
43888
54028
22691
86612
28094
48830
29747
79651
4964
59159
13446
82084
38266
93986
64637
96083
39229
70097
54415
39719
23569
59374
32650
76527
58748
5013
32265
38831
4947
60588
16965
79947
22213
95061
49600
56464
30907
85133
6827
3172
49768
71470
70816
26012
72061
11909
57751
40095
84155
59121
56508
45036
486
82083
11105
79772
58127
33703
78516
48109
93631
92279
43279
42730
92924
18025
3374
46793
19562
26883
90538
75243
64283
34203
17137
78896
88969
67502
82724
82805
15387
44073
70365
54100
73672
91236
35158
3169
49639
32303
27206
28865
70352
44346
59998
1657
8460
27263
4520
34424
47055
53499
27363
26625
36444
61262
8908
4097
99110
43412
79938
62713
86284
82409
87479
98646
17210
11503
13272
81886
72628
90776
59488
15219
66976
50853
49269
47920
22428
45218
23852
23349
43651
75587
25629
39556
39853
31198
72888
90721
68642
8971
58286
10042
85926
34014
22254
95995
10997
24017
71784
24001
99134
8943
17051
38491
14198
14885
96646
40435
84632
88318
202
75292
51676
93522
10576
68677
84232
33380
32641
68858
9094
88134
38683
58104
40366
98825
24127
67563
62263
50081
18740
73655
33397
9065
79003
3607
88644
71003
6879
98981
65419
95673
21518
84670
21120
37351
44198
1128
59475
28669
15811
4566
22457
30118
83398
27241
72283
68789
37249
17031
57276
65653
73651
89251
39750
76515
83528
97899
69232
84627
49882
46371
30549
20964
8953
51613
77888
6612
99815
73995
43449
66213
96458
44385
98309
74852
56081
51318
29815
51147
84078
49536
3010
36213
66965
50911
21279
64114
31222
8789
43954
96241
86687
23543
8690
60433
11527
80363
54932
28419
99601
45607
34754
32034
58425
4900
63385
70581
51703
81392
83533
96706
60742
80822
14775
61036
32776
9873
85708
18166
41414
57084
45296
13858
28591
65310
21228
34337
87803
50540
94513
56778
64802
87173
53608
25853
76997
30189
77063
33348
61152
36578
72607
20293
9791
99840
87103
90950
30115
48866
66702
93880
50337
75497
42044
9923
87700
9719
7164
27810
95622
33256
79516
76325
63020
85052
76002
2555
9943
65453
8435
16897
79258
84985
56920
99799
81568
55260
2230
50759
39888
95345
70363
43009
10113
95311
26882
4329
80904
91402
52054
81094
15124
27910
71160
5982
14166
26012
11809
73602
18179
40927
48501
83866
75094
44616
29129
32371
86354
74867
48055
461
38725
20123
47866
54868
24987
32152
3736
81827
25880
23955
57298
41355
31739
69844
88087
24433
17156
60924
30132
75651
36985
4962
4049
95404
17365
60206
15579
68878
77380
11687
46364
39254
53179
56777
77841
17407
74360
32755
38202
46682
57977
62796
73091
31235
3118
15581
7313
91181
20099
88824
72617
32845
52025
49481
5688
4955
95445
90160
11058
67789
14674
95726
94015
33514
83462
28471
53846
54337
57531
66555
19521
67432
1870
57432
29789
46196
85200
52849
75830
37897
83667
28848
24105
41241
19674
22531
24930
26921
87829
6315
99778
65517
61521
44075
60328
27874
99103
79107
12496
63804
71164
45193
42475
84758
11189
54837
9886
20714
41573
5465
79585
12901
62837
31161
58357
38653
48836
27176
64489
3793
35504
56687
36378
16991
94928
69169
7689
85210
62946
41095
16566
81897
95642
70233
89812
60297
4178
52655
54707
99149
46369
63097
81506
73866
15809
99710
75962
77491
22282
61398
73014
85147
55331
84351
91677
30163
19535
35715
68338
98602
86140
63569
73953
47117
82870
36752
11761
73384
95485
64177
54246
80520
39881
61749
56953
63712
99147
45964
1998
90876
84271
39574
70872
19377
32854
52513
55965
64198
53807
79502
18104
34978
17884
99674
51649
87661
97100
34166
88382
83006
76469
83954
83591
54058
41762
88481
28596
78327
42605
81190
41220
60381
97177
4673
62317
91739
67153
41447
33326
4896
25744
7517
54255
62021
80930
49226
62914
73927
31037
35244
61
2221
4580
54180
93428
20200
9736
42013
18076
69881
69706
15441
26668
92340
68685
70966
92499
38275
95469
4103
87157
28941
49288
54923
20290
50924
44076
77544
32345
1395
65429
48540
59773
22178
9642
89925
65239
1586
94336
43145
95748
56208
79542
44882
78167
60109
270
80199
7931
2132
64909
6600
30015
1895
93885
35924
4664
63071
8853
17737
73548
82698
735
463
77346
24481
25700
90677
5357
67023
14000
62081
33107
64756
40135
86220
27978
20500
65292
68794
57495
25136
4086
62629
22326
65871
26157
46624
67876
77461
18336
84252
33951
70220
93587
45961
97561
1329
14921
56049
57568
50529
38249
359
57152
3205
80790
59704
54371
88488
90023
75822
15661
65033
31177
33638
7237
90642
53742
91824
35392
2021
38379
37142
41935
88332
18564
66809
82451
10858
5639
2315
11960
62704
80857
73764
53229
43336
8180
66764
22045
55214
3802
62230
99676
24755
91168
17027
42440
22452
44750
7493
88477
50250
92794
50241
49573
57579
51854
95518
90789
40002
87528
51802
23243
56359
68959
96037
65879
90387
8057
66293
82926
68341
47858
24952
85743
30103
65856
58180
44766
4135
52946
54601
18280
33780
40858
93864
27559
44652
4166
20466
64779
28438
82708
86503
77781
54616
40133
79895
51781
80245
36871
4714
5271
23850
29040
90209
69908
94603
66370
97303
71154
3747
13220
29316
18508
72777
44234
85865
44695
5921
90902
83478
61272
2773
40738
74338
17041
15430
49998
99270
39300
3945
6929
75724
50560
95746
3494
29482
17510
88134
60759
21950
82929
67073
59786
76427
4656
26321
48973
78267
88740
13489
94095
70455
35173
96828
33782
38152
521
64547
31075
81298
54700
82838
8566
98448
60044
38439
65209
48434
53683
27317
60758
57392
35972
12534
7071
23685
53001
63181
31794
96732
58630
5232
1858
35221
58865
78122
33979
62051
43509
24651
18604
59676
15832
61594
11801
39948
8467
97215
37945
5662
31403
73279
87598
6342
67399
51609
25078
89881
806
82044
51238
57769
70157
98378
18525
51596
56517
69997
17232
7279
11827
43286
97186
82037
3995
80779
4193
4899
95905
43251
36313
97059
90717
11166
59509
46001
26842
42565
8487
87511
58707
86578
5534
22649
80245
55489
62961
82909
44645
48167
96688
84506
13760
17854
65303
30902
47432
22740
60910
66565
49076
41110
11274
65269
41148
10207
29691
89441
19760
95053
60764
60779
93048
73573
12363
76141
11063
17680
27886
82980
73228
29399
27172
16014
48612
1048
38246
43723
31620
72647
68250
41577
89078
82828
55519
76936
59618
20395
47155
32708
80332
42289
19953
50538
41333
77016
89590
70206
41084
95489
17560
7241
90101
60179
31988
99022
30548
62695
33269
31260
49120
10873
34724
66407
33506
63630
15919
32803
6795
54701
47450
8281
40980
62273
97103
2925
60899
19921
85886
86133
39550
29526
31914
60536
31186
94078
70524
37660
890
88955
84980
77296
17337
81143
81195
61010
36534
50273
24642
50344
89630
73718
40576
7667
53236
63270
40781
37646
71257
79835
82191
87735
91682
9110
68641
86364
68845
62101
84792
1591
65899
33099
83675
76587
90510
67500
78899
79442
14508
78386
35077
99368
74560
55540
82204
17324
9528
72474
46569
89044
36312
31305
90893
44821
94885
14567
49022
93107
38251
55058
54902
74860
74064
95779
55318
51017
7675
197
52784
15278
35388
43646
35714
26339
15448
59097
80629
47177
89615
69389
90966
41908
67775
13511
88120
22580
12341
95879
97633
87141
26484
32770
589
45712
66135
91550
50641
87587
31717
39511
72541
35606
24597
72404
60310
19772
60904
13402
3288
81050
98648
93561
79240
70340
31868
95632
41498
31689
68948
19105
78089
46542
46696
63123
11710
66005
75655
98998
77157
88143
39785
64326
92730
78146
44042
64123
85751
64765
95008
96264
54058
42266
68950
16002
37405
86713
14251
62565
80769
98373
21483
17091
84751
91397
9394
11484
26078
49224
14354
44528
47196
71792
68279
42086
44129
38763
70443
97292
84727
85815
45904
53685
4863
37532
72984
71361
23470
31455
23111
36078
67781
82897
28466
45783
67507
93635
12874
70281
72402
84083
82759
10473
62255
68798
15761
91180
80744
26028
17847
75098
95598
20798
48405
91301
13621
97365
32078
57222
63170
70806
53289
73888
50801
18522
91521
54718
56033
81261
80160
71712
86430
95695
71622
34981
66364
65475
53121
26181
35904
11586
20148
65687
47976
23657
56770
75333
73976
60956
77731
37870
31446
21779
45269
47770
26598
97184
11563
33837
98075
14162
98162
36936
33288
99547
68756
47508
31421
84447
6753
66429
57721
94492
92808
45656
8760
3573
55166
86793
2600
95253
9752
88699
72571
42038
99940
47039
11581
2070
1676
99905
34057
7335
7538
60721
21103
99246
94808
56816
77408
52720
60970
52850
89013
98653
12494
36225
26429
82999
21467
63793
65786
70999
71605
55873
14306
70491
84608
17479
65931
66226
16675
12654
94545
495
51788
82181
72585
34753
68803
48850
77701
97897
91966
25521
27794
79727
74545
36178
29167
92156
43945
49824
98232
6891
71244
19310
51829
66362
98372
92002
58514
24702
5174
40726
52062
85401
68983
61079
91104
82869
52256
54928
40127
73434
11100
51395
14688
79856
17493
54467
61413
24065
73699
70015
72471
85891
93159
37677
14326
89353
19838
35361
73105
49032
20760
72507
85871
88732
79158
30291
21231
94025
11656
54270
78563
53802
3330
60114
68806
70038
88429
49920
72673
32184
34446
81497
77660
32162
86219
22733
98627
16544
70034
85995
10259
34207
37444
31094
38669
9711
71567
54805
88060
64099
27631
23991
68447
57835
82965
65260
34613
74600
3873
11087
95930
98288
66870
96345
6190
51586
49534
28258
40378
57850
74432
29316
10550
65471
45959
20081
15272
1112
29773
38950
57339
79283
97225
45158
60529
50681
30869
77586
51096
48878
18010
31253
4003
87910
45313
1589
46929
26807
49140
50697
51168
68976
61009
26815
68040
59780
13550
28068
44181
48513
61831
26736
34707
71176
74502
66509
86502
1927
63540
63381
50986
3816
29874
3291
47138
15641
21480
77498
84694
71037
10395
24178
99878
67755
14858
3871
52642
64311
84581
69355
83976
80931
41089
73545
98323
62163
25525
85570
14613
80569
54681
30114
70846
10068
62655
72340
39878
43045
17589
92467
29966
97789
83300
74089
1607
21198
69205
47517
9086
3785
40240
17832
2453
9922
84025
3125
28920
32512
21931
42825
84353
68840
73843
52608
81026
95931
39666
74993
8385
35438
24634
34415
15880
93125
63749
71170
58987
82344
68421
54625
24779
24615
10581
39383
93673
70046
38081
48125
10052
97667
84550
74614
43276
33337
1209
59535
61966
61500
86751
10323
77241
82311
91259
34264
69254
59680
2964
78683
14478
39108
72759
83196
88415
10782
19219
25362
69561
24425
29821
31799
19609
33903
91281
95674
27799
25472
20769
28197
42009
84993
97899
74827
47350
88795
74030
90589
31753
35973
64976
70600
89111
39906
41896
58960
27812
45439
15976
50027
69130
92027
86392
78855
90287
69732
20143
51669
46595
21805
95408
66420
85920
59665
62479
75980
29060
46759
59189
70297
67175
31486
16015
27193
77053
9648
58441
37053
31291
77369
18555
35007
24929
72167
2327
77080
67451
41905
55797
13353
63745
59414
23346
1456
37163
23776
42667
17953
23926
28417
90061
94399
99383
21932
53620
56580
40181
1817
87266
81855
88618
76131
43850
17457
4425
47041
95935
50028
47125
62386
58481
29870
72965
69027
43909
7927
22782
49512
21254
49562
95264
55834
43788
65567
18097
9860
27707
37104
21402
16593
92357
39788
60277
25819
53858
34927
72102
29856
21562
35695
72599
62258
97554
10890
51549
63825
96091
20011
28006
76896
30374
32490
34518
9668
50424
67689
9875
89401
8297
26108
98299
76105
43980
75683
98795
83618
57709
36208
63723
49485
89290
51855
92489
37580
17784
10271
28403
83180
59958
37169
45700
13527
74904
32446
26126
31906
52761
84570
31982
7265
2721
63130
14155
37940
31063
29064
77164
40818
99645
60996
11657
22940
96063
4451
28235
68530
68075
94836
82315
23231
33681
43285
85729
88533
53489
75408
65187
72836
53117
79814
53242
41751
73126
57463
56827
94140
60088
77143
12280
41406
62413
25759
32006
87558
24795
51057
94628
62165
88056
73329
37070
64120
67244
55385
25487
71117
62000
30599
55907
59714
34882
53315
30358
18618
69323
67884
49501
89611
22460
67079
33216
57069
77773
56719
52318
66506
90990
25400
32353
48522
62778
68898
67134
29015
25355
73989
16190
99683
40170
44013
91609
25919
68503
10307
83479
34668
66258
11882
90222
65060
35487
52270
59472
60422
35371
5769
83136
99020
20382
43181
19098
89570
47022
70552
47860
98413
79358
2624
8923
2726
39992
53815
36721
53139
75889
43053
86898
78220
3084
32999
28200
47476
38729
39635
22032
27355
49677
86691
62072
42560
79659
91468
4071
78931
42981
75162
89649
24694
16052
13674
66072
73535
20545
56115
98670
22246
6703
55860
738
8265
47553
83396
24761
85189
72640
44396
53752
32934
82158
90755
449
6114
85275
49192
53346
92953
74997
37470
57454
3432
97473
77672
28578
17483
57408
87351
9649
7746
73950
49547
91896
44068
63563
68788
39219
92651
77639
73
94042
93950
98476
52443
19961
93498
662
43843
44556
29260
36602
36804
68205
16173
89880
14786
45233
57610
87376
99003
5415
44104
66472
73971
79108
14340
62588
76331
22495
3612
19695
9647
75876
26902
34837
78
66546
87989
75430
29883
1575
63069
66954
76122
52123
71735
24807
98971
42378
83935
24967
81948
56672
83711
68342
19823
88856
61914
21769
1984
3283
36867
34173
21743
39907
44320
83522
6616
10133
99132
74422
50325
95424
54342
53625
46779
1166
65923
8262
79699
29357
50173
66056
17094
18530
44885
51817
90342
91177
18678
88398
94608
39584
58270
48435
10428
37155
914
12691
212
5036
24439
98460
41371
6023
30673
13162
31924
8604
9410
4606
85592
66913
28586
47597
38663
66551
90786
72957
57749
87332
63738
18000
88047
28553
53442
96779
95045
97143
13331
77822
91325
16101
1581
75826
91785
40012
71349
9540
57614
34698
43718
43791
77045
17996
40865
84259
58988
20632
89555
56421
42513
66972
10571
50302
93259
69244
53257
93596
46358
44887
28116
41429
56076
39529
54527
40826
33154
75873
21396
92799
41221
64401
51447
72725
89638
71971
73814
56415
93682
83172
7192
6035
61332
74523
21753
79050
43484
70659
79021
69547
80219
11735
44405
82283
30629
33193
36472
56455
24775
18625
29169
75979
54759
81842
76563
85517
92046
35762
53717
26167
82494
27107
29040
53579
83998
72367
95281
78250
30418
53906
37352
1573
53712
82266
36631
11661
16303
18669
38476
55440
16270
51787
77617
41340
79057
82134
12708
809
15166
73755
75550
17242
85955
59679
36700
45488
43062
42903
41494
72977
4602
34747
78408
28367
56877
43395
2149
75831
55886
84619
49184
90106
57906
50817
9964
1294
1094
19861
48705
61356
62481
18330
66343
29422
84200
63914
55585
80093
11307
159
31907
16029
61026
87845
78306
72964
73937
3649
83428
59813
33005
47658
40694
61705
46454
84510
98310
89021
82549
98637
67834
5255
78992
46266
12273
88264
46850
72689
83916
44762
9776
56765
59093
14912
23661
95149
91463
90009
45893
37445
69961
16583
58640
97772
20611
40460
84762
65089
84118
13429
19679
67129
57490
32494
99212
73557
82580
94354
12152
37237
41475
52433
58495
57635
58718
99787
24462
64118
80424
68335
22919
16951
50773
1564
92308
11254
38971
56399
36155
71996
87062
98129
11569
84451
46350
28319
88636
47194
45301
81551
97634
26998
3448
17496
81829
81108
3080
95863
75526
92380
39542
79246
83710
42163
55757
76058
90645
36568
38803
11617
95147
40592
3181
99557
10256
40861
94064
72512
5297
58114
41942
5930
55752
7700
85055
60273
24619
94728
87465
36090
13383
6156
54361
15478
37254
30890
2529
36577
27792
2740
5587
74162
87929
93982
71515
4854
12035
95070
18941
24618
34473
52553
58679
10514
84066
31688
95249
69190
53426
87925
92185
31465
94539
13436
40905
21505
28913
12288
38917
78606
566
9991
26346
88500
66274
87947
31998
48696
38746
23858
98777
77281
26669
69369
7376
95944
58895
56493
81674
88450
38893
82572
56893
49340
86962
63214
87547
79986
90186
5332
99747
8719
54756
87567
48975
18383
53713
35256
36164
83768
75303
87763
47843
24660
48766
15148
89128
71566
6034
23723
40928
13530
47167
78089
52822
7372
41469
34353
92802
39600
27385
45079
93033
19587
70419
54986
13251
12613
5049
62711
52741
85110
51371
5050
68569
1337
81313
4955
10452
65836
88027
51789
37042
32151
11071
74822
33421
11673
41079
71968
24440
37156
32721
66626
23867
39802
1403
20990
76452
47664
54192
75663
2538
98333
28600
26502
47174
3197
54419
43
61309
67056
43289
40719
96749
21088
98999
87721
43225
48566
76668
69506
63475
30536
8079
72100
84885
77813
23763
83782
19665
88803
58682
80007
1030
91158
8658
69765
40269
96081
34214
85941
40009
46920
24406
6682
86118
5642
50010
949
39323
24132
7124
10705
69452
70991
36791
70372
42816
87179
61339
77351
95202
55490
37202
98253
53775
54710
73273
93236
30537
19157
81003
10317
31528
35236
53718
86344
58288
43554
84110
51098
93239
27532
72787
4770
26061
43111
64607
67042
8422
97565
79976
53377
20707
34637
45150
46824
11621
36212
26401
98793
78314
17676
57888
2254
34588
70032
7581
91033
57092
61026
99653
33626
82140
15585
24226
47727
54435
62312
69708
33882
82921
13559
66401
24816
66247
76862
32638
53433
47549
25662
22657
81420
39725
9960
24203
16069
82026
48551
7891
39471
33035
61405
79398
64918
47910
53987
9334
1346
33522
76319
22264
88044
93122
60883
17968
30296
55031
69160
53596
7864
17598
92421
8527
3576
27246
60580
64002
63269
33177
85937
83336
3654
18537
66114
55982
49575
66736
97292
28720
95154
26309
92082
47674
4380
22900
53025
30942
31321
53134
98842
23995
34220
96630
11303
10590
24462
16816
59339
56495
27079
26617
58820
49441
79943
81610
37863
16106
64187
22974
87058
87741
50349
72166
22111
22479
74753
22774
10062
96819
41223
69119
29363
71608
40832
22476
2562
45774
79154
46263
12999
33189
70764
69851
88610
15317
56240
98329
26886
91159
18376
61531
15679
37700
78589
76353
29555
7841
50237
62216
24320
73975
86356
99795
38637
1253
32387
2774
30370
34261
8524
93094
74855
34509
95137
74438
97397
90067
13791
51863
3490
78779
36305
95421
17482
15361
71360
65175
74180
66158
82787
35126
51969
74323
90376
30658
75252
13410
80893
13203
91076
97672
44752
40395
44374
44708
12142
45085
86433
37527
53321
16327
83001
35932
84283
57559
94692
5350
98526
98347
98516
3040
97113
62309
10052
78244
77656
8185
44269
40405
22437
14202
25449
30375
45748
53183
1384
35360
54257
46972
84627
85034
51755
24867
90727
78493
74516
50239
79868
68704
71419
73065
33437
42403
46091
94588
95784
11528
88632
76178
39956
37266
97047
49940
43980
30609
14426
57898
56394
68369
68374
79226
77685
9195
13658
68967
70503
50719
82834
87911
44948
49701
48674
18115
16081
3369
46318
49398
58427
77977
15872
71204
95350
68091
26599
24587
70798
81518
763
95900
59071
57073
2390
64084
80319
96110
32842
35482
57712
23060
83512
25462
9424
3091
98016
99680
74882
55176
4401
4125
39834
38604
68895
30649
43129
18112
8238
40051
68908
57000
99048
38642
15987
41177
53496
60913
98080
33009
18124
52979
57908
17411
96295
81194
47500
44584
99890
40313
72800
47164
30566
4406
65343
91758
88199
21317
16236
32662
80409
28150
84467
67112
48352
95368
72709
61887
24123
86600
11174
49306
19239
57794
32709
67031
51146
99927
47998
93482
64813
89068
63451
44485
35990
74876
46405
30407
7705
65890
22124
81306
46057
65951
71102
98776
52319
67206
27566
71805
78784
42633
68909
61437
96156
33529
6327
88407
66899
46049
51823
18905
51430
72172
4825
9814
48683
74096
1007
80348
26418
23342
5539
55379
85841
36318
26920
27475
55801
34894
55954
33820
14283
45932
63801
41353
94633
45267
47531
43040
32770
86782
32481
47137
25767
6530
70074
46419
3626
22721
92201
9868
19348
32567
50591
75046
5465
97265
54814
54688
21374
83218
53946
61012
96616
8683
7075
86586
84100
64069
17789
14411
74951
43044
95040
19741
45094
13375
63420
50668
95946
31849
98155
68549
82108
47057
86871
46
26564
3794
18056
8718
51419
84569
52362
76309
19138
16839
78465
78748
78304
26129
52350
10536
93398
73066
88975
24692
98134
83421
87529
47151
65108
25496
51392
76414
13694
15898
80488
25406
95860
80841
55976
12348
75600
88703
15307
61963
13774
84402
5298
48645
61239
17298
61617
75427
78572
38871
77449
53464
32396
14318
50720
86358
41854
99079
50385
36292
61416
24826
98223
80481
57570
97235
69822
9398
13676
67002
22373
57138
43686
15296
37939
32366
35496
3461
73142
13197
86957
26274
57866
14863
92631
59390
10348
4506
83032
48915
99234
24008
67974
51719
55688
15646
88157
2617
97446
5880
85379
40755
98011
53488
34492
33507
88687
41593
68266
3959
3516
2153
50168
31790
63862
69637
45484
2699
12512
20081
4420
5709
11855
54244
6936
87653
32729
33277
49652
75665
45530
21184
25141
29946
55211
61231
65754
95993
51219
30145
74507
37367
24631
42361
51632
45391
49745
33787
31024
91564
3672
94647
71804
52334
21662
18224
83743
17682
75653
29841
53628
11912
10722
89364
82422
26954
30899
40950
92989
88223
7668
1302
66432
50910
52111
557
76318
48224
58946
10527
14212
9348
23799
44781
30760
82774
1192
95497
34855
90924
27806
46352
63869
25427
83932
24275
75219
45915
38895
78838
16359
78239
50647
23523
42199
53324
723
94205
74650
7351
24790
71745
40787
59021
86404
34359
1049
72621
12391
51190
22790
3177
63024
11258
42197
27543
96303
40724
99299
22836
90290
27616
39722
81625
77295
57299
94756
63895
92925
89465
23100
69390
77490
11440
39948
30139
38193
92598
79091
23971
13116
63327
90208
69000
87181
4174
98770
15806
7842
48927
72531
7299
15961
10798
16442
72482
10816
88588
23281
37200
83082
50465
23467
37589
48456
87399
83105
9815
68997
1157
66678
72409
57221
53794
50823
51591
12315
58668
79384
14260
87003
18548
25245
61182
60551
31835
85173
11857
53057
25459
36633
31354
35786
78570
68200
72586
97818
30075
64875
33311
31832
62129
62914
2583
96486
58659
67133
5613
9249
50170
98369
37807
25713
15985
899
65866
76128
18909
54233
70532
371
10660
26606
7187
47522
58157
16278
37630
22014
46916
70805
99953
85283
72228
86347
38008
50564
41037
7159
6346
58852
33322
78883
61931
46814
68021
99619
80836
54973
62684
38296
52360
34567
95858
31659
5755
97387
96365
64313
29070
67016
4693
53489
98747
32954
89078
48547
86033
223
93368
57275
30203
25884
92193
59317
82297
5675
44209
2523
17911
34128
5445
98771
54236
19223
86856
79087
71561
45459
89787
51698
10835
43042
78487
23877
16238
55329
87843
96775
68868
25732
25844
98470
22150
54333
49367
87133
23592
81655
8455
72701
20095
89427
37157
74363
1785
2609
99937
68016
95834
47830
83925
54033
48068
44213
55186
97819
51023
47554
85897
51872
82530
12014
26385
14750
98677
55098
86413
55134
98836
70684
27776
31784
13095
14357
83990
48278
78438
14586
68425
95175
8734
86655
65929
78983
76132
71394
40289
89930
78007
24142
39469
76430
82983
38733
92557
11252
51577
77326
91970
87947
84678
36146
59012
20999
26580
81755
89356
29268
73909
92527
97534
71386
64046
3755
66891
47939
7046
5609
31451
97457
7189
89757
71429
83069
18075
24370
58507
42419
36350
98722
3445
62759
2670
18152
46934
46761
14572
69894
3267
87048
31562
76070
29797
49038
38947
77005
7858
56326
88215
63204
71316
51365
84208
68180
62705
48389
73067
4021
49684
93457
8987
14229
50896
27564
71689
32007
62834
83552
97220
45399
27863
24991
81299
69878
16590
41692
8851
82143
48784
82927
98927
62167
99024
66125
67911
61192
33502
18036
1836
7568
17464
11693
38085
96319
23620
77056
18713
64987
94786
99097
43440
16696
5508
65507
99523
47326
2725
29957
55014
23725
18510
20694
71168
38826
66205
34775
53026
14268
97837
17225
23736
3566
21847
19341
38629
43912
75770
77512
69542
59667
36561
99013
30353
63631
30181
58778
47935
31786
28533
29621
18821
84763
50972
53289
16960
29035
40838
39697
73102
99401
81786
22296
70228
22220
35835
81321
72438
45566
48735
8660
18593
37335
8137
86254
28383
27112
23983
57878
93590
76333
19505
47332
68393
25575
47463
64101
49936
5957
7334
45590
34241
28729
37778
72938
2557
36627
92736
14423
42192
21264
47201
79954
8980
67275
89688
98983
24981
127
67845
99816
28910
4175
90809
80859
45227
17117
47909
26088
91131
93608
51640
61358
49666
43133
47887
62830
39746
59750
22085
43413
87385
87033
99023
72524
4793
55263
48419
97561
37114
51284
43323
72741
2118
80252
24326
18138
34685
38245
35388
86431
19147
92832
35165
41280
50036
91569
57547
17095
36008
8438
72802
69252
60670
36180
67630
79675
59662
74481
82035
74279
33495
20944
21610
39715
40375
46571
72669
60469
71852
78519
2594
24724
87610
34876
44197
14670
60664
98154
17947
94385
59167
83445
91341
15382
29999
68572
13144
75432
162
37714
13015
82645
75580
84545
72303
48846
62631
87711
13506
33243
56829
73165
74403
52530
13644
26667
77501
62639
63172
70838
84169
27184
15602
73895
50967
90889
34466
62977
52669
2946
67249
1894
13584
79722
59716
54621
97929
39347
67797
21886
3117
21286
82896
3841
42989
91470
9366
93299
68772
46254
58387
75368
78922
65141
8172
92607
81982
44799
26818
90429
4658
66155
26306
11050
7344
47752
2438
39971
11051
50118
75988
46517
52862
6565
33217
9744
71085
76192
31440
36792
34600
25320
78998
50358
47184
80783
94527
3694
51435
13362
66228
25020
39047
49033
20334
41722
90559
42883
49424
8930
31292
67428
13468
79293
9372
78115
61660
77985
92381
58
19913
38250
34576
77387
41665
41430
63226
98878
98693
88070
65817
19013
45636
83885
1455
74949
4986
59815
74944
45654
94903
97961
57552
80928
81840
58775
48400
30186
60894
18636
96310
39859
92431
41306
79509
17062
85616
34682
77293
51341
51406
49604
27562
31988
51989
57820
34990
81034
67231
93883
76917
31759
40437
37000
31962
5091
62499
93024
42897
59932
89040
50179
73936
83683
76449
66474
50123
59673
81337
20289
71670
38840
34126
50437
83550
51276
30716
56707
72626
89452
15152
24935
53054
61737
97669
73150
56858
3009
46889
84766
33231
81005
83632
42278
37383
31194
90720
44108
42636
20234
56258
82775
59904
71927
46027
22459
60695
45697
3561
57581
4504
25361
20474
77115
86842
64846
87841
65717
7630
85621
56062
60078
24640
79134
25502
93970
13415
11543
34740
69827
46492
72921
58748
8349
30035
84738
88691
99632
6852
21214
46965
5804
25645
94677
7154
6260
19213
14940
34960
91039
26834
2950
97232
55156
20145
93783
51300
7370
37372
66943
39075
37432
65665
64561
12393
61216
77335
48378
59896
80104
28722
99636
77577
71424
19841
11334
60105
19635
9375
37402
52982
3334
17193
65118
91899
21806
19756
16088
6777
3192
27027
89818
61107
83284
17526
21045
47669
80942
71848
7852
8394
86276
58917
1941
74959
40387
89361
43302
66453
77269
62624
28260
48101
33298
98896
65758
59324
24235
83426
70343
627
32485
89943
47202
99975
82607
56213
86428
34573
49856
44377
52200
48636
30092
3094
60360
36199
20699
86393
30167
3632
5003
45680
45968
88993
46704
44852
1239
78640
13598
63368
68050
36736
36148
39807
18272
51327
7836
17919
73416
61962
57382
3042
39928
44438
78789
45424
72983
29620
55218
83374
68482
13735
99240
48048
78650
96587
86470
50423
82149
81750
80699
48452
42877
83013
24343
87772
38696
45413
57522
69718
20059
26368
8337
30685
21113
26722
24825
78522
8441
89442
66683
95135
22447
59205
56775
32057
46212
50060
58685
76729
53737
27738
86131
79644
95288
98744
97816
60231
41572
8196
66836
49276
90474
49316
43709
63385
73856
28832
40776
73060
80069
37228
49012
36810
95880
85966
80393
57634
19002
14706
5656
2746
17321
96043
73452
90478
51727
47780
46298
28951
41033
29600
23589
84902
64228
67107
38639
59758
29715
35349
33404
39691
84273
16806
58712
36074
91666
85276
84598
73893
71540
23843
43937
12848
7203
20518
42537
67542
13421
12541
12736
3951
4363
85010
43580
83408
52173
12900
3235
56981
52219
24284
32477
15267
17802
35049
90864
60593
72419
17483
55543
55484
73725
17619
92706
40889
68889
23289
50364
89130
77757
67740
54539
16931
70461
57250
39510
52175
47691
7320
78562
69833
138
33405
67569
56042
41001
62729
41320
59382
39978
69005
78990
5224
73663
16451
5378
68851
27671
16967
26214
85129
91435
81881
32664
91828
37812
77357
90817
10453
89152
89612
21942
60323
26663
68582
74573
20223
55150
15044
23077
46085
39363
83473
29032
83440
84380
16287
30228
27442
32169
78263
60208
35610
46559
43107
22431
22157
46942
80992
92914
28925
74643
51566
72196
90433
76765
27679
55777
42138
34836
74793
24385
21215
97252
59975
97481
2727
974
52370
53364
28771
99831
86875
64370
36297
84766
73366
26755
24340
97850
23327
79914
11830
7704
42265
80795
55096
37494
7531
40948
76934
74309
80761
94924
55649
10434
99486
35373
97381
51939
18859
33400
54979
52437
48043
85900
57456
96363
3331
86082
46620
55100
51709
96489
57117
29010
9526
74251
90675
77708
76193
23374
76351
91136
63890
97347
19996
26941
13166
7186
63045
86744
72742
91934
2148
84294
68556
69968
84101
73041
32749
64130
49264
29436
2703
43760
91399
79484
75284
77231
8784
64257
5721
44982
68302
15640
71544
67160
65011
77317
19474
37859
87887
85989
44860
65635
57697
17290
90713
98062
28185
71853
64523
77682
6803
30843
26431
52710
93437
25557
43629
74932
4652
21474
82754
73667
76968
33664
39866
6547
68725
26422
56331
50735
63364
67899
910
46341
52165
44395
79144
83246
40023
70866
20062
23666
92179
75549
44130
11961
53862
21615
24420
47801
62302
68712
45135
14355
92935
9109
38875
48831
81281
58390
46801
53457
9799
79579
34863
19861
17177
49516
17513
31861
64031
55061
44674
68487
42905
45155
90964
13601
75813
31597
98446
1715
52803
77017
65813
60869
45509
19033
47272
22890
99815
38044
95357
68818
42298
77209
22145
89043
77733
98355
59070
82930
94022
55696
73719
9248
84113
20025
2619
28677
96793
47526
39113
2997
69107
1778
41911
48246
6159
36373
55334
90224
93900
6558
21237
4798
28225
4858
60118
84300
93300
34528
67722
83748
38886
43800
26363
64114
18649
62019
16838
94319
80655
54953
47418
69090
72542
33376
63392
1881
97836
4395
90898
53745
49739
88609
10973
61078
95474
80597
41926
23611
75343
27052
47232
95101
27119
52457
62568
70082
69021
7895
62844
95808
95111
36319
25590
37810
25778
49151
48402
47227
83783
47429
40815
10240
33144
63469
58872
35272
21652
47336
82957
40656
69164
17912
22382
26850
90145
48118
38769
11350
37802
57653
83022
53412
1541
86701
14753
62397
6982
58886
22391
97625
26172
52500
80328
10064
64957
16369
81469
91787
65880
27185
99742
6086
40916
17768
53363
85634
28701
15794
34611
72446
93907
53705
30882
94237
556
49572
84215
50844
9424
65131
86345
43418
15995
67890
28862
19527
21252
11349
19544
22127
78783
22299
32692
54115
75445
69213
13865
56164
42273
49341
95136
27706
36169
56665
94128
83100
59501
72844
88218
84868
65165
39761
26140
12109
25866
64689
87701
5677
46223
13855
87449
14239
28164
63261
25221
16526
93653
83685
68352
43839
20751
27398
62845
4090
27959
34142
88718
4842
74357
77657
55451
66309
86590
85199
10291
85899
6551
17424
30659
38381
20106
85842
41486
72697
71086
25200
58571
29912
19028
14585
36246
86434
51768
3830
30066
84404
54477
84801
69395
16615
50558
83358
80299
21922
80517
31726
7238
70607
79877
30065
61257
44196
30154
26763
41217
99898
46026
38792
42946
61816
65964
69208
19400
1617
85518
49388
59711
84322
24585
75469
60362
93013
91877
55204
92065
92870
48874
87543
23531
52893
95159
25332
34043
18836
53987
36201
95479
49343
41894
68099
90107
35611
83937
25971
65314
39028
67881
44955
17315
60319
15834
44392
40496
46185
60650
52466
1831
99821
39935
19391
71960
69849
849
63097
78227
54951
59137
13367
99285
44229
52878
40379
24997
69384
56389
93878
96633
41160
9104
42950
93651
74601
93383
47269
61283
24327
17149
48488
48475
83273
96297
36803
15354
51331
45741
43878
62980
69373
47694
376
73000
53432
42759
26500
89853
95434
99387
2779
65582
41950
58813
32172
5281
12337
66963
16861
98035
60487
26723
22955
66719
14951
49154
21236
44636
19020
55634
71445
91648
97761
62689
93390
54314
29935
50738
35980
63221
17818
56016
47941
20288
45566
36922
34371
32551
27614
2652
82951
29340
6373
70514
60432
26704
46863
78651
8066
34615
3154
5783
75321
99767
25976
64736
23761
39159
5029
71991
10328
92566
65048
2540
94410
73928
23110
37425
44583
25985
96921
99527
60398
10948
2338
27773
27885
61466
30060
9662
72723
23816
57376
29279
80188
19554
13328
25311
70716
55724
98722
20266
27591
57507
1971
21130
67609
19588
98478
19699
81921
9861
16641
11138
15795
43287
14826
314
67629
15964
25963
99359
51398
22352
75505
75272
42154
11249
16874
73240
31362
72475
99768
72651
23434
75102
4352
35778
61292
90687
40994
54737
58699
56239
53617
72721
54323
89935
16705
96410
97156
7925
78497
98852
13526
90594
79064
94643
15869
13859
40317
35262
62472
32373
46565
42552
67548
4732
20866
46162
20596
26692
31261
80617
71397
38960
96587
89990
65771
57667
55347
43683
25891
4082
54262
22272
61027
97050
24739
84557
78943
65885
82994
44281
57782
83776
22088
79650
62767
36469
61968
6287
20127
87932
89259
75258
37853
95702
83400
90188
42887
73068
84236
6274
32863
99493
91072
6115
28255
20109
12084
90771
74748
31859
93586
48137
18894
36549
83052
64441
66157
65637
46122
73481
93694
87318
71718
82092
23998
67916
5544
30637
35636
75309
57962
79108
61777
8508
88239
9079
10091
55898
59287
74
72913
40815
63482
13383
83760
87928
24143
28071
63100
21786
33043
49648
85705
7421
80036
88990
87248
75711
40431
4647
76197
7045
44430
93496
16469
92111
92277
11087
83548
83936
30651
6716
48750
96418
12610
95520
78991
4197
38844
57545
61399
99351
50009
24976
11016
58837
92254
75509
79015
54146
68249
46018
19339
95235
27802
72944
14304
48059
86303
13830
23190
22610
3532
40198
12314
21815
74519
81933
10568
86206
62714
71953
81411
97298
59245
42291
45865
57889
76996
89902
96513
56318
42020
45405
6348
85648
37858
37941
96232
52484
78016
19472
22578
43174
15193
77785
99329
39276
69073
49899
64850
81003
17291
57856
20470
73076
23491
65166
73385
99339
54511
77065
25424
77403
12937
58803
69801
62871
96114
54988
30765
94626
20368
36333
23117
329
90380
42302
88354
33406
1440
29976
44366
84453
6020
20037
42594
93705
67020
8891
76918
7845
69387
65426
15410
65762
39039
24675
18197
54832
85933
68625
70635
24836
31395
49836
70751
36878
97701
82489
97766
67322
80245
24759
92187
16258
87426
21765
85675
51171
27144
56184
34118
85720
92429
43651
43472
66848
45556
67912
59334
26456
83233
2173
8417
87044
45674
89147
19991
30227
37276
41416
64345
63084
80907
66805
13099
20063
77912
89891
10974
14916
24014
12386
8931
40999
55997
93582
59951
5361
75726
366
51294
71917
65903
80440
34169
50257
48353
13257
69478
45487
91836
89378
9598
65382
33182
7786
24539
49503
71444
98320
6561
4795
95686
3831
65088
38335
8800
44300
27033
14951
93065
66128
63133
24201
75296
96190
20184
75986
53589
46523
48203
54289
22647
42598
72549
52313
38128
66597
61625
30267
16905
8993
93263
15557
14843
72370
32602
23076
22963
86589
51082
49816
56688
40984
34706
3399
99148
61049
92088
26913
61303
76056
5609
78176
86822
57230
21996
89591
91202
19892
80474
1230
37891
24588
86010
31965
6553
41599
28926
34363
41948
11087
32185
18619
96103
64427
51334
71519
98529
96668
45476
63299
93562
50243
29443
42880
687
34945
10035
39048
34184
14884
74815
30616
95934
38813
98948
42317
14955
17644
48061
97679
85338
15312
37261
54926
50438
11633
512
52960
94541
12787
73644
61668
68485
61411
84652
90217
15513
71315
29156
37615
11982
12126
46373
22628
79203
28467
38961
33819
40280
35089
5878
43517
62145
28303
87515
89580
75548
18295
94388
22306
65030
63348
88439
36966
62127
98031
19811
38909
6091
93638
38354
30001
91204
30961
51035
35404
26070
88605
99252
3423
16457
24038
23240
15357
26894
56718
82830
79466
24507
333
4012
16996
10980
32305
57281
26101
54679
62620
74494
9162
68897
41151
27305
26327
73841
81457
30026
78818
78814
75926
86973
32176
83828
53998
69731
93715
48930
68709
15757
37629
12843
1656
83984
6906
33866
98544
42488
63638
72654
84417
41865
97689
998
67975
15846
50796
82432
72674
75414
93500
2357
46537
43617
6312
38991
26227
8682
28406
95528
50622
12686
88896
26134
18458
36926
18224
33696
38039
19412
11351
5767
94696
99018
56166
77789
78201
7751
10912
72418
32648
97038
26350
31779
85692
42244
39462
64804
77490
3752
36764
13885
79553
