1507
3062
7271
9816
7737
4471
5521
3643
9489
4704
6595
5257
4511
3279
1752
6418
1221
6507
117
6564
962
4672
7022
4775
2174
8823
2696
5327
4629
5280
4659
8671
3394
3288
1484
9264
136
6823
5448
5170
2654
972
1066
5418
8044
8915
4529
1071
1203
5645
7331
6271
8903
1336
8083
4252
3263
2198
8972
9475
2186
3019
1434
517
3513
7871
8133
7109
4583
4675
3304
8476
7073
1564
4190
5765
3737
4671
3167
6301
4210
2360
1684
8614
5793
6684
9929
5206
2418
4855
3954
1058
2525
8179
745
2250
8857
8763
6535
9718
2705
265
2121
488
6120
5826
9913
6968
2145
1274
1363
6243
6159
6445
784
9755
7764
6863
350
6227
573
5636
1225
5179
4879
8406
2124
2741
1505
5552
7734
3386
6272
9967
3202
6806
5411
568
4485
3877
5886
3563
9242
9725
4842
1374
2910
7900
9131
9301
8758
4875
1384
8408
842
4075
3902
7221
7683
4305
599
1402
932
1338
1905
1542
6420
1629
7579
3614
7303
7760
3663
2839
1811
8730
7913
7674
6124
9862
2655
2014
6165
1574
9891
6429
425
1619
2488
9196
3512
6945
7809
6854
450
6815
6948
5306
6880
4422
8949
796
3960
6953
1024
2294
4106
7797
281
8820
4305
2504
9834
3452
298
8216
6693
3730
490
6391
1875
7644
3159
9411
6047
5266
1512
3354
4580
3682
6464
710
9505
919
8476
9231
5261
9959
3464
2559
6110
8641
9664
9714
3040
5262
8543
7506
5079
4710
4786
6379
2409
7624
9006
63
3278
96
2297
2683
4838
4937
6283
1968
7540
5781
8103
8876
6590
9244
2866
1525
380
8496
7913
1588
4848
5289
4275
1491
7766
4667
9483
3120
3566
2374
518
6933
8896
3751
3956
7410
2022
4978
2614
6579
1493
8861
3346
8746
2122
5654
8018
2204
8360
7836
9406
8631
4902
7368
7916
5854
7571
1679
6430
3913
6877
9301
5846
1776
6069
4199
1833
3291
8415
7030
8026
7622
2464
5321
9920
624
8308
1208
8320
9357
7188
5173
4822
7083
210
6318
4716
8336
3443
6256
1833
9936
2269
2851
2007
6055
4401
7679
7740
6477
9276
2933
1743
255
1485
2993
604
6268
5005
7184
2244
3431
2986
4581
9791
7804
6334
1824
7390
5551
203
9460
6859
456
3198
8690
4691
3667
7476
7727
5984
3222
3988
8866
8584
5541
9720
5017
5614
9814
6807
1084
5245
2958
274
3599
3401
9081
8700
9707
1862
3675
2868
5404
4164
9659
4266
8437
9701
4911
9850
6668
1204
8072
1538
3809
9815
440
6149
1612
1330
3724
8043
2287
408
6040
616
2285
359
4932
5298
820
1543
9801
258
4664
9479
5325
1789
4668
5980
7088
8698
8715
7166
8675
9134
7314
7848
1138
9098
9001
5057
1908
9612
4861
8206
2736
3696
8069
9661
3888
5754
7731
7673
9304
9651
764
8439
3182
8212
7367
6627
2818
756
7402
9833
8322
7620
3474
2944
8009
8846
3564
7572
5165
1945
9980
5184
8725
8616
360
2471
5463
7046
6787
312
2448
1023
5505
8630
7535
945
1907
4465
6718
2068
1577
1012
4458
3276
7207
6608
3201
5514
1382
3631
2338
5302
1361
4380
4049
8007
175
329
5256
2247
5838
7588
8376
1057
9731
7865
3632
8074
8060
6129
1920
5977
7528
4248
6423
8356
3239
7431
4357
998
4958
9095
4919
8838
3325
8069
6374
2579
8751
3987
4823
6794
5916
4320
188
2020
7431
2720
4205
2537
7214
7279
586
8337
9350
4531
7219
6961
9064
3616
5717
5545
6743
2000
5204
7302
9119
6711
8227
6471
362
2798
300
6296
3444
9193
448
9418
3938
5982
4595
1104
9278
774
8424
7948
163
2280
2544
2710
3232
119
5495
9859
7103
4241
5629
2034
1957
4487
1231
5973
7225
8753
5630
1755
2192
5576
5747
7470
2482
3772
2444
4067
9297
3160
7226
6190
8109
6238
957
4151
9909
9848
1161
1419
2495
4918
9922
324
8723
8325
8324
7827
72
7239
2182
5182
2914
1705
7096
1408
3757
9900
2421
7049
7671
5210
6332
9810
8875
1563
4072
4203
4396
9250
8171
7465
292
8953
7423
2486
2755
2293
1259
5878
35
6456
7985
7695
2954
7041
93
6710
991
6264
4623
3576
9719
3227
1234
6093
1740
3445
6550
932
1060
4587
8355
6499
6725
9237
5206
9924
3756
9423
3580
4711
9818
9956
4416
5542
2676
812
8989
943
7074
4641
3168
6989
831
7316
3449
1518
9655
1205
116
5353
5031
5147
5679
3126
3283
622
7056
7574
8172
478
3385
4457
9182
7483
9910
9106
3217
4973
8677
8583
1261
7849
5738
9520
2645
5430
5594
2020
2858
3693
3948
716
805
9026
2357
9843
7488
3026
6765
1885
7437
5868
9822
1334
4005
1207
8368
839
6427
8428
6213
6954
3789
7456
2924
2889
901
5102
5989
1001
2460
1805
4747
3376
647
9775
1212
6446
3476
2515
8134
8701
9420
7310
73
2141
7651
4809
3741
907
7980
3552
5664
7301
9031
7174
7477
6737
3274
1221
9762
8365
1017
9902
1304
2463
9584
4820
9145
7056
960
1694
7894
1554
7967
5281
4419
1174
2688
9939
9658
8274
4535
3177
3139
5905
1238
4633
4617
9419
8835
6861
1989
1083
5085
5596
1400
4365
7462
5502
2895
4404
3850
239
5197
2173
6403
4235
4675
4566
7256
8123
7584
8954
7150
9811
3380
7283
8645
4805
3191
5628
1551
712
227
5830
463
422
762
2795
9408
4345
7197
2975
5285
6151
1552
5683
3450
3921
8280
3171
1007
4476
634
1570
5176
6234
3475
7796
6980
8395
8825
101
9334
5225
1535
5751
1644
885
5363
9382
6827
6512
1149
6678
8767
6002
5101
2971
8633
2717
5721
9784
9141
2943
361
1708
5853
5076
9944
7180
825
2255
5192
8450
5377
9971
9243
9824
9126
22
2357
9797
2586
6728
4360
717
9459
6300
7893
3050
5107
86
4953
2496
5770
5718
1855
3916
2254
3436
6839
1856
7973
9626
3249
2175
8230
8286
6431
7868
2750
1029
8090
2657
9482
4546
9499
