66678
74864
80629
22282
54809
31181
20961
87597
10488
70852
88921
84327
11593
20902
40175
79091
99061
35438
59697
98685
41705
48481
47808
34383
22150
463
1180
73219
34322
89826
32366
81718
25332
83937
65769
28239
58402
17618
9466
43285
71836
73776
12022
90176
85689
28244
78392
10884
65962
35587
37888
35065
90507
87053
93653
42585
2600
57820
31653
79934
43142
68228
51367
71315
6599
37802
43760
52471
1784
8259
20464
74575
9470
29816
74197
6654
15158
32267
14141
21264
31168
81710
79384
95930
48423
10281
90776
8885
4506
17108
94541
11871
90353
99190
63480
24804
18112
96352
138
12072
55999
87337
81776
59235
52781
78998
77660
51912
5795
50873
82991
23419
12165
75102
17619
19744
67364
15777
53529
23685
47263
7870
4968
19082
93281
40113
44801
79074
54026
46095
15398
29129
54246
37551
43096
68762
95149
69950
63652
46553
49215
56823
20612
74331
79473
31312
61696
42582
22417
17365
95907
687
44269
90088
74758
40785
95311
20699
8008
73893
20305
64152
91785
34740
30537
73725
92042
53824
85306
21077
25521
96114
49516
61358
33251
18913
5820
45132
33281
74531
75550
42062
16630
54724
21467
10195
39960
93715
69014
1592
76587
7380
42316
71778
76616
78271
70073
36926
49479
92421
58265
50397
25660
92876
10883
41178
3169
46751
93587
68122
57121
87402
97381
94991
76922
41218
69130
34588
3945
83569
55071
70432
3626
6390
39086
41251
15003
61333
34434
73900
65131
66976
69654
47057
13592
18580
35187
72986
18076
11205
60493
21194
78288
69267
58354
58500
75876
75894
98653
27799
70305
51572
54586
32452
3576
28068
37263
58742
83159
15640
42824
14423
9611
37301
13298
35644
47607
3765
99234
6397
92678
93390
21215
45053
85243
92027
89148
64530
52978
99183
74997
63647
57874
81194
99022
60246
54515
99464
24968
66903
32683
47664
1796
59521
118
1984
90585
28722
82096
79145
8203
93304
96329
16526
48921
89111
79650
6936
68595
44393
66006
3084
81684
17197
85491
59780
62655
25508
8554
56778
12609
9757
4352
31914
39011
39844
25488
43723
87979
98134
46988
45740
46595
80036
81469
87206
1230
64267
62013
69752
92651
55637
69518
64085
89952
83478
94188
93691
15760
25496
10962
7214
55325
47120
9189
60088
99084
20596
11131
12781
77674
86460
63069
89834
39826
79719
69771
88849
81503
38909
8471
62199
36530
79827
4330
21057
15179
8014
99631
44982
79893
32508
45935
99100
88645
51060
31765
19033
29083
22130
93854
24576
81622
1881
54011
14224
25463
8507
53126
81578
94205
82117
39780
85825
73102
68341
56956
21824
54033
73238
46517
53861
30291
76176
89013
74079
31794
46160
54477
73068
10821
73331
35364
89110
26834
80426
43350
37445
72690
54835
81580
23911
72472
87543
96582
46772
89164
96736
6105
60903
65866
88903
67916
5037
42291
63299
9775
71597
23984
47685
23499
83760
76332
98689
39837
61814
72491
6614
85718
56518
70605
16137
60574
84875
32332
12425
28447
42021
25920
15596
71122
1393
53893
53807
36877
76612
23715
95398
53641
8138
73609
59951
6794
5067
59305
2558
34126
45332
13220
78263
5945
40690
98234
84617
82227
95079
36225
65937
68260
70999
4984
58852
69893
48785
73000
84539
92753
34616
82770
6487
5997
78881
45340
8566
98702
52334
22650
64579
8535
27363
18623
64070
26074
30771
44873
18157
25446
42092
95339
81859
47542
94224
54902
56115
4618
18584
20288
77834
66740
57694
60416
38335
5721
29770
84147
97047
17881
64305
2721
34567
32073
51499
48595
3248
14674
90799
96312
88876
34789
26776
76896
45783
98564
22071
2381
99368
87242
21796
97226
21941
70291
1564
4724
8422
30293
68859
96527
11287
24744
9923
34817
77235
47407
54336
44067
17416
80481
61309
56720
11105
73199
4219
25884
74210
99308
98847
30035
86597
61383
11586
30979
24510
43305
62622
75960
26094
64326
71436
15193
99486
89063
56730
40208
25178
47032
56004
82155
89649
13601
21413
7301
63272
55447
71316
38326
18010
13888
8262
54590
38202
57049
59167
49323
13358
15985
44239
11235
58547
4289
3616
20505
70677
57276
15346
88199
18746
27918
19791
15088
79413
59813
69452
99795
23346
92316
80403
67697
43507
60588
43562
52320
29012
16642
89928
44385
42299
33819
16104
46824
67107
67829
44349
23082
9509
1659
50584
49154
60907
14721
52045
35532
8124
13164
97906
44204
29957
93113
43496
15671
88650
10315
51461
35656
57753
20385
29060
1570
26870
61846
21136
36897
34956
24962
12393
60780
39576
28910
36752
34199
56203
76988
6781
17236
86121
15166
64130
64084
34837
26560
2655
70609
3067
49224
18560
32677
14830
69061
84701
6779
12300
49391
42566
62796
70866
33638
3172
50800
20093
63129
25661
89431
44278
86276
59815
74026
72196
35158
1854
16746
8876
2842
27736
22947
65717
81195
29443
49147
83244
67548
21252
81545
41819
42538
54118
94766
38887
77925
71681
83142
58357
29999
85542
60109
42977
74387
65172
89259
366
28711
16404
82149
94632
56529
45015
30203
11801
38366
64133
52800
52919
75098
12969
51946
1295
21227
43213
32570
7695
99223
34302
48528
16451
30267
11729
75353
28403
32520
99884
5921
70778
91046
32327
76723
51600
74788
33579
38553
52845
45950
27003
87105
32655
16251
21735
21474
90222
29399
76272
36970
72877
78562
41361
33019
22157
18546
11152
75124
5767
76056
63124
63102
66480
13083
11970
61009
19020
43617
88954
79104
22950
65780
36292
87349
44130
24926
92858
20862
7604
58
12663
12186
82393
22412
63847
72697
55877
80995
6292
42038
69286
68184
159
38319
45622
92045
20559
37549
36335
14506
29354
86875
32803
62413
98975
86983
87694
34190
38360
96303
82825
15148
31862
21098
60735
9447
75492
60904
10126
80029
28090
97713
65162
38850
20775
87928
6604
41956
3578
72438
61627
81740
21853
97122
34594
65129
23827
54799
52710
31683
29600
98402
34002
76570
75368
24406
10798
83976
33247
69744
25156
31240
27112
77326
4334
66249
16089
71198
52233
44879
79628
87225
27841
6967
49340
46341
43340
18154
82313
31367
14389
52437
68195
25963
54002
38545
85672
55830
72977
72938
30851
83383
64959
18508
54308
2617
5101
56074
46545
49666
88856
20368
99396
55725
47668
97465
71419
78331
18015
8191
46814
20196
3686
57220
35351
15869
3328
27806
28785
99179
84339
31264
7203
6982
87713
32373
82108
47611
65667
66565
47597
71398
68338
63767
3654
18021
48674
2740
72729
21707
95580
15734
94138
42989
36469
57712
40488
55182
31855
18020
65817
85110
44374
51133
83125
25462
27416
14775
42544
49170
72617
31412
88669
25269
85976
86428
61267
27480
48751
29829
19772
35117
91159
73060
93885
64112
85216
34026
60398
68679
48836
20999
69169
66548
48123
48778
66679
19241
37794
57218
18544
58462
11961
20565
88975
44292
3644
72905
74751
88332
51787
69234
65810
73822
69446
46444
58395
23721
80979
36035
36008
65710
9588
69692
3311
99024
45150
79097
65804
97297
7137
50198
42835
58872
47430
35173
53062
82780
46641
33445
99559
11631
55696
69734
71815
59386
17357
82929
19953
98987
63964
59843
81459
50820
30169
96705
35747
1888
91191
8151
93172
65213
32003
38296
51184
72915
70684
38246
21528
68098
82056
14057
55592
17025
85147
94158
44306
21882
4425
29858
22250
96969
38916
97405
22120
92737
39154
10814
55762
37954
15132
47657
87683
27811
25382
46085
64509
75046
16693
46209
63593
32497
75445
54742
52270
98462
79949
70069
84112
33701
78132
67527
72752
32461
22647
29064
77501
48622
89705
14511
43906
46535
65624
23233
20136
14237
97554
67992
68946
94802
6642
62922
77617
33664
97232
7134
46844
48525
31486
5160
36554
67098
76307
28677
67058
8855
84832
21367
60650
14699
31393
30846
69661
23976
90864
12337
49701
48815
3461
69560
82759
95111
52033
25252
63133
69594
86272
71102
56419
37585
78071
29492
48937
5375
76128
63048
19632
48255
27828
81625
69384
53845
56672
23897
22375
14009
51568
84889
14119
89147
80201
95500
71496
56785
65424
12408
1676
35990
92445
82381
86612
34990
358
82006
48691
77209
94403
65635
17411
31292
92851
95708
32524
73535
91024
72184
39559
46570
48452
50383
5550
68532
32647
66511
20304
84924
44324
18625
9936
41135
11003
6159
42393
82167
61079
97481
6175
74586
81934
35280
77985
49572
32998
51669
41833
56127
58297
49476
87700
80480
96920
95359
72246
96345
2230
13489
68371
67056
23248
45697
83115
85959
4973
55186
86570
62548
42533
28564
20607
63213
33322
57769
39119
29647
19468
80813
3118
52433
49637
23612
72322
99847
97031
1329
5427
15521
95642
4842
33453
25173
68737
8197
81103
40214
28733
43090
36208
2149
99266
96468
6394
70443
28231
34216
57903
39548
45656
4022
41079
9348
98798
35862
35788
56167
35236
41970
76309
71278
27595
81293
79806
72719
91225
69436
36627
96929
62145
90095
67969
56209
8749
93724
84013
3716
16331
34010
36369
42695
67612
41
8045
76752
8830
65074
12654
16898
50148
25588
71829
41217
81077
25980
83634
64263
37352
19609
38578
60563
16419
79553
93132
41207
83895
24017
26763
81330
44096
74979
99248
35404
41160
53288
46371
52325
56596
41224
36058
11830
48927
14396
37800
51586
55756
97591
97749
53781
33548
75162
59266
38358
87769
74097
35221
69065
11867
25277
78990
55860
58114
43044
698
75820
19490
94413
42730
38587
61120
22226
84454
47017
6659
49019
1112
4135
66366
623
50490
13148
12468
55549
36217
25688
74850
38889
35003
8652
65933
45450
86245
34221
91724
41588
87841
48159
37863
68794
2282
70807
22468
82775
35932
81678
45846
89805
79627
40259
61681
80699
37621
77639
21815
63722
61837
4163
57384
92662
45907
29621
30716
48054
65037
73970
70719
84128
4763
37103
97146
49341
92706
16010
53617
62028
30968
43686
73273
54681
17163
99161
47429
53030
49651
22958
78827
92142
77822
60844
55318
39453
36700
53432
99960
76062
25311
18536
56289
22631
31565
72032
49272
36222
34256
57782
45079
84100
2102
49918
35408
8944
70581
74888
36201
7683
39889
14171
88004
9249
20540
32692
89887
22938
47836
90826
75935
91136
87602
25181
26287
9711
33189
66370
82538
81649
27382
96616
55867
48125
84366
18362
23823
14914
79101
28032
79296
24214
87250
18504
15841
97590
75748
16849
627
25666
31832
5702
75893
29067
93939
37765
89516
3369
1414
57906
46098
60953
69500
30694
16615
38929
890
41126
87732
34671
67103
55214
99529
12909
24163
25209
77461
90856
21917
7733
43319
887
51855
46390
36309
27952
26863
14706
40781
17984
42437
19674
257
51755
58396
84559
18128
28200
90195
1895
34214
3694
57246
91983
84635
13784
47780
32107
57235
70082
8916
24105
47741
56081
22639
74253
19470
39129
77462
65444
12288
6960
36509
40719
65663
85764
88382
36413
72787
89325
36418
2246
31160
20168
32828
41880
27355
70780
12817
41288
78891
86500
86364
8238
359
36250
61385
25804
69357
50733
26315
22391
27535
1995
14373
6328
81840
68061
19438
58798
12747
65101
85955
38379
74839
49500
78146
24587
14869
8066
18132
67533
59044
66653
61163
93555
9057
19090
46422
9079
36438
33009
12801
96427
19961
71265
24320
10092
49226
79004
64553
58895
45628
69387
41151
91578
13144
46651
911
66577
79134
41132
47617
38734
60426
61399
26818
10278
53433
2976
41816
2454
33762
58796
43861
73999
57596
85860
42934
41416
53057
70938
71658
63375
81529
54326
43279
23127
10627
16069
90223
51491
20864
17062
89452
84061
3423
30642
61107
46073
70624
47886
92935
77601
63095
83229
72850
49327
4693
80013
73356
16369
21396
27263
9101
32765
87245
24065
8264
55326
66492
57084
88014
7038
72908
21060
75172
17135
98162
60721
18078
54406
10245
31831
75538
70331
60544
64987
83052
55134
5091
48975
92546
74334
50251
72901
99830
19341
86284
27226
88687
10001
44924
96228
82486
39807
47317
41221
14381
70607
72402
2925
23991
49298
78306
95281
99138
85681
58083
40178
76193
4858
57835
38726
63002
65033
56455
39971
28467
10576
73856
61759
87418
66322
52153
71604
38275
54397
9642
61914
34972
73233
67675
24742
40099
77885
34611
4734
32494
76678
76237
24247
27977
12548
91149
40147
84215
21410
75600
32151
23855
30942
27706
77053
55222
69060
36810
2296
70254
32791
40710
71479
7221
86047
29935
46026
44497
21191
18765
93964
92439
77692
29533
1804
83382
11982
14738
16074
47860
94263
40125
43225
24633
73076
5013
3698
69929
57545
83039
41795
16208
57843
83548
80081
9872
98799
19302
71498
36021
95009
26150
97669
19553
72137
42553
48387
52879
71736
86701
66596
53273
89769
82392
32535
20153
47054
60143
6891
83145
55434
56595
76707
3539
3998
79634
5514
88318
3395
69404
8827
66911
64004
89313
83124
82994
2289
75408
9605
54455
9423
46901
48930
90185
13033
5810
12391
55595
50527
37337
25743
72166
55519
58695
55618
87752
41153
35995
90541
8438
78787
90959
76351
45520
50461
19991
53117
74323
73699
30890
93683
13238
63996
270
44452
79358
41320
83289
55558
18458
71971
19728
82607
68344
39450
72742
22269
39272
96524
87848
11528
8265
73182
38481
64402
15601
44300
75105
69505
7223
9677
326
22353
52761
48167
97999
3959
54906
38016
40865
24425
39822
57092
30409
51156
73644
18014
40273
35979
23734
72512
20608
66130
87560
80846
23060
47674
34587
65915
42310
17996
71088
11833
29672
43891
24539
64095
52792
26325
83550
39829
95287
93383
29994
21085
24673
63455
93880
51627
56940
55411
80089
95753
98366
314
93032
60126
54028
26722
62181
18202
41417
47121
90977
46929
37402
16277
72976
83916
78299
55797
46499
96296
1807
81062
82724
28075
88680
95278
11700
39977
74963
98223
59055
45706
2557
54568
94801
67133
28679
6147
80578
24130
7796
72984
64227
59716
62127
49346
32172
84506
65141
78007
8595
48784
8435
24544
84678
67911
84460
94260
68868
76981
49148
14853
70016
56153
66428
52319
95547
73457
26129
27213
3035
91469
61670
54438
60052
5908
37111
39028
93001
99934
28663
51879
89353
70020
25487
16432
97739
83872
16967
24779
33875
79400
25767
78849
84791
38128
85866
61040
50243
85918
82787
45700
23074
66469
82346
78699
31451
35993
69949
36048
76199
72367
89515
32464
73652
25438
82551
83011
58730
49069
86114
3693
43107
16766
46927
79243
87967
56907
41616
73366
24585
94539
44584
70616
31965
48670
27452
85690
69395
17146
61260
85620
47651
83105
87212
74860
24091
38964
45911
76403
28122
59823
96701
73936
47386
98011
47796
92292
64038
66421
5884
98917
58903
80337
12543
21478
88671
20465
50337
86
37086
27107
75890
80236
58841
14551
2081
27679
35537
56777
57188
17464
38933
91772
9633
86431
7190
19030
81935
4117
95880
34017
78874
49179
26913
7381
80900
52170
13123
79546
55992
2457
29025
70949
52501
23736
15773
24867
66364
89210
29219
152
94181
45290
49450
65540
41280
6990
54873
71763
11178
47902
58847
76275
2727
36993
88489
38430
23836
33696
36969
47622
41809
79027
17982
75275
16457
39276
20463
69052
17589
78117
24209
68523
87539
28106
6922
22129
14886
21831
59291
78058
93169
38189
66506
43596
65490
61601
15942
17063
5629
70860
67865
88279
57731
19595
68469
55884
80665
69766
52608
15453
27091
46263
15621
64217
5658
69521
92224
63630
67974
28735
84155
28176
79776
66238
2820
14315
64120
28366
15287
45035
17016
41340
8529
35443
9540
62704
95209
41469
50162
37202
63071
39152
2583
68860
68328
51553
44743
94220
68297
25355
58384
27109
52225
68127
20558
40911
97938
7717
28914
86771
40601
44160
50951
82601
1018
70816
36128
62081
31716
45455
37180
56302
92690
88300
96100
6296
14755
78683
48254
32620
17910
64765
5769
2684
18148
43766
74092
46965
60144
15961
11238
24615
29136
90297
10706
25700
99238
45674
66320
26418
94650
98766
69512
78176
10619
6342
18425
2356
18630
57983
26167
46254
72215
76011
71953
64496
53363
92736
77656
37797
92700
47325
50261
78363
69748
47039
17854
27674
74524
59758
92381
94237
57599
82008
15017
23110
77167
4226
68878
98008
77626
58047
27543
77621
40610
66119
23362
66316
82044
25428
41788
15977
49846
33413
97668
5662
59592
25681
22111
55587
65086
96241
45961
77832
9957
99246
91646
96297
12677
76668
14165
33872
32792
62568
38640
32796
50022
35379
56335
92607
19921
92844
20639
7367
82927
17961
19391
92804
73150
82220
68643
88481
87224
65430
62420
11562
25807
63955
98770
53064
51802
73148
23849
26107
9736
16861
63433
71713
38037
88157
53141
98594
72354
79354
25919
24566
94547
52103
87643
60598
92619
91169
27819
94849
91359
86404
72551
10307
4831
44882
79884
59205
3514
91202
6903
52930
94449
89331
66977
80489
56807
66299
5271
89361
93821
70365
51355
15676
90805
46725
39895
70306
67884
39524
10207
39451
86655
56707
22204
89169
94447
61466
96793
44720
12477
51947
51863
20741
33444
16719
88416
73202
70034
4986
30790
29234
36060
41430
75092
67563
67051
99339
22740
24089
38439
44283
76094
7786
74301
6041
48850
31555
47503
56644
22445
4127
86274
35373
27159
35636
21015
38491
26704
18624
92847
96568
2608
95746
33173
33835
4466
96203
16173
82459
68806
11912
4198
27593
11673
27497
12523
16367
60537
93510
26882
26070
8909
10083
30103
93342
91076
14745
18890
62553
20402
95716
85242
71723
28486
27483
6929
95354
29272
36838
79976
86354
26815
531
43336
73841
17321
79467
36142
92469
92560
40127
88740
49547
13186
90817
27259
91853
67760
57407
12632
67936
73113
1657
90078
51127
69254
6009
65204
28266
88033
60289
70563
47952
47526
58591
71900
2323
63172
99349
3871
63417
34691
81982
19319
87932
83776
67112
39347
79836
52301
84113
57814
43646
36373
78239
95944
4508
723
3957
52373
68093
49940
69073
88477
33785
83775
29976
48137
60118
12371
2260
51051
98998
98020
45684
81721
7100
94968
78376
16052
62348
56893
83445
43323
26801
86377
45530
65899
5059
27662
69400
39911
42384
14172
65426
9917
22628
47956
68447
67924
80707
30760
89470
19603
21802
77786
659
87322
36364
21779
39449
14964
29698
68619
96764
61690
2475
62887
91101
49995
88718
15307
36718
2329
74753
79610
66719
26755
29736
63789
63765
62844
10607
44957
90188
93768
90581
52811
4652
20854
47643
24826
21808
92415
30964
30616
55874
8454
75584
25248
69851
50445
68712
11743
95408
48303
32459
79796
4552
63569
28094
36074
76918
62830
82344
5916
21339
77095
37084
37638
81911
90548
47184
26637
33279
97500
65610
35089
35326
34142
37432
48629
13245
91468
81873
28501
46012
16566
40205
89831
23265
8118
75503
78986
86468
97077
19635
18510
86897
71569
28214
81751
97038
33704
37142
34473
37700
13760
573
19188
71590
37174
79050
7351
92836
17290
46091
33989
99219
82134
31779
14251
44075
84608
19739
22634
57614
67921
14729
11687
7385
51540
72937
36699
95485
15267
22610
32844
26692
51264
51698
76455
31586
75173
40220
14257
52892
44260
57488
42816
49015
50257
88008
31177
79158
2299
20202
81252
73793
69454
20106
89637
68482
43937
32749
53315
26197
86560
78215
61308
87088
50529
91114
38663
15912
20977
28192
25581
57826
13362
2357
46020
37206
32597
17680
15832
70351
33463
14660
88760
78965
83877
98267
49536
46101
92254
7531
71147
40501
1496
34469
65638
75479
70036
21805
21546
62255
52376
9378
70093
58362
31717
20543
81114
81026
76368
12738
55108
53872
8329
51788
32169
50705
30615
74340
72306
82342
53121
26185
88231
24298
71613
97289
88917
76515
54142
96102
57187
34446
59734
15565
88488
96270
16106
32174
73974
39715
58386
54975
51301
54805
33520
81534
9691
8631
5142
30708
97202
62713
93911
84549
36180
49870
47527
36294
38669
85859
31338
33507
43321
83290
18651
83419
45396
12237
66901
93707
66229
38725
7290
88120
63475
42691
79530
5558
78314
19619
60869
70326
39297
47500
40726
51640
71360
3763
65798
66460
47254
31881
61080
57667
80
8922
23302
6466
86782
45269
79346
37786
31889
94200
12333
71070
52968
90336
40662
93368
98290
43519
88703
71117
3566
67382
28151
50168
62021
5282
85708
35057
1573
74974
31852
30056
44843
18857
27496
35165
64304
71697
50398
35109
44391
33441
18285
26484
61037
91679
43488
42378
41401
62981
512
94708
58210
10722
79383
17864
12512
36658
47818
23231
33404
40202
46178
43472
24981
65993
45030
95323
46943
30022
55641
98244
31395
29620
93986
99714
26561
46913
44438
54506
85839
78122
5786
86596
14162
64138
87133
37144
27923
24275
72626
65364
70634
39676
52558
68323
24171
51963
63248
68106
48178
3487
44061
5617
33182
36269
39274
57522
45193
64046
30195
99839
86962
5996
62349
86540
2257
52235
13234
20529
54979
82958
84474
82158
96910
82673
81705
99632
18867
31790
8196
40419
35447
47893
65850
60842
47725
44990
61770
99344
39411
40826
12736
6122
24917
52528
23523
61287
68950
7477
89590
83683
1785
37011
9735
24745
67962
21892
46753
65220
49193
16260
95833
46704
11723
25678
24806
89781
94910
68898
59622
33298
84070
29541
91673
13865
461
13674
80599
94318
19665
69663
65401
72226
19855
34207
29944
27409
76240
33225
95251
1576
56696
74867
30113
69983
3498
14928
68809
27752
14922
94501
44599
44818
57725
16314
8600
62499
13365
62733
76367
68279
49360
63170
65687
48527
62823
55461
44129
47828
11255
77795
34981
51584
41551
71968
57392
97303
24640
66762
57173
85763
35527
8784
5740
41206
82947
65456
98947
46249
49768
85834
15836
11374
29517
59070
25882
74761
53000
80928
46436
12232
12107
77264
44861
57685
86311
67307
74262
80262
67664
96668
78761
70975
5445
27797
3291
5495
60105
3973
94669
96063
69355
85129
21726
35354
40066
7734
62386
46916
97736
29043
92585
95463
63214
48814
90380
78374
82371
31108
74714
97600
85444
80483
22979
22527
11932
45704
82532
23316
37945
74504
54971
41315
42605
43071
55275
23921
50479
87201
3448
23278
65177
52173
33406
13439
42810
17190
99064
39483
47217
33025
48007
48364
35780
87373
18309
63199
3086
82805
16240
69890
12363
28235
86744
97819
29437
47306
4432
46181
63054
92186
24207
59492
42328
47044
66168
86488
47222
52784
18575
60297
59488
65919
87997
30381
58170
17833
78
30735
96167
61182
73490
13139
44999
77788
23379
54321
80992
5725
36568
8206
71397
97265
52720
4656
88990
84174
14921
58803
87737
72219
31526
35487
84099
94223
12812
65076
32135
70344
19455
92308
49711
31327
1589
68350
83927
3520
11633
62216
65068
2315
42259
64507
86337
32897
76357
57794
99171
40481
5017
82222
46229
9951
97250
5255
45254
56098
8212
61010
12995
95965
30629
63661
57609
52810
57546
2624
5138
67553
9525
54042
28466
15612
19743
92770
79438
75411
48859
7925
28972
81378
67345
31928
69351
37853
43099
12084
65281
49134
11115
25029
44496
37200
35217
48947
48183
8353
62849
17392
94372
78951
95640
53488
6447
51969
81337
54510
646
4559
25239
4729
85899
65089
77181
95498
59021
93498
8930
90934
96696
87103
71528
29772
84169
95982
68653
15770
53775
79168
19026
68641
91104
88155
66991
46410
89563
30065
13081
80285
98694
46492
50349
99359
37070
93065
84536
89165
97595
66056
60044
46847
14339
85755
59778
48278
15044
85201
63764
3209
49725
62000
93894
41498
15806
46145
53841
56398
62472
72474
3841
51632
86939
23858
87128
98910
27932
55955
38172
21740
88655
89787
1981
99358
40498
74648
56903
702
2518
1079
56517
10494
34550
94506
72941
47368
45849
50027
8185
79527
42364
67878
60483
79975
36881
76680
80783
54988
58434
54698
12680
38419
95542
5772
19614
51807
83484
70955
35471
3394
97633
90433
56350
94366
89429
8140
54287
89317
7154
63314
9896
80545
65280
66303
85205
75469
91728
41751
9219
14960
44913
87629
9248
36215
12014
54706
77234
35778
24001
41458
46044
29773
38999
98842
48971
12511
51284
26479
82021
5900
62147
94273
73666
17338
83440
79895
30224
34389
78585
83310
86664
19970
89591
40694
80475
40692
17225
79651
99577
98446
16956
13565
38389
98034
2211
22401
43042
36951
8924
35069
41447
47938
60577
38763
64564
14414
99013
54415
34242
53862
28552
66591
25558
38523
26596
13413
54713
87794
162
21518
1403
49172
67073
53018
57654
88297
71852
7536
91761
54527
37145
14494
50414
46248
43111
28553
82713
87295
34119
23986
97928
76200
82971
39980
28093
36764
84619
21733
10002
72965
36796
82386
87759
94079
59931
95671
36738
76076
91333
47943
9416
14693
67305
67228
35611
17510
37221
43190
27627
19721
88420
82330
67175
97029
14197
4380
48915
31695
98309
98795
59462
22429
1386
30506
9964
96226
79374
67332
62645
96512
67049
31589
536
90757
8888
11249
49012
16464
89790
72080
78230
44181
71269
21353
95674
59800
91876
1586
92002
22065
29032
49175
11741
90680
50818
62778
84758
34173
89652
95549
44708
95521
29652
83003
51096
8719
91435
92452
82422
18612
4863
68967
53246
70038
98776
18102
14276
64888
81267
36127
53620
22536
11410
62567
49623
98927
53049
49548
67912
5656
15710
83184
61103
90993
48887
34945
68147
32742
79258
74330
51119
83610
4577
85648
971
6996
86068
1935
50859
79048
19909
51130
74502
2410
50615
4846
25744
95012
18105
13095
62639
93713
34753
20526
95513
11350
36316
15402
36621
58820
52068
52455
95159
77828
61395
32078
51214
25629
93663
16865
9557
64228
42327
75160
1640
56665
33465
88071
73580
67129
97409
43040
94146
34436
6600
75548
18197
20707
80667
47390
94808
97177
3009
50801
75930
48518
54508
73785
50885
37353
65323
85144
78497
50123
7319
14305
98119
71257
47784
33023
54081
62149
34970
50720
94836
32291
169
53236
7299
26363
37486
72648
40291
81593
57135
61461
97397
29482
25221
58285
8972
44395
80144
81302
67986
82510
81321
17227
31310
60815
60996
9814
10800
48327
51613
58688
42020
7376
73667
51954
83069
70821
22095
41035
13257
54201
8330
63184
10624
86980
43209
20927
5467
82970
78818
10428
58481
84763
94192
69878
9023
36997
86586
59353
51002
88210
64250
1064
44021
69036
71294
26515
89384
97479
45257
91511
77030
65165
92384
82757
59390
28340
97900
41763
32087
26960
39075
81759
19937
42154
5920
4155
13334
10101
73759
90192
59739
18763
20929
29359
41787
13331
93528
66542
68250
6014
62113
43953
56284
43251
79672
51609
52655
36705
89638
14765
73481
57105
89601
9262
20694
12040
40475
71825
40400
63317
23194
99120
87407
66288
69547
78572
97897
39565
2950
63231
94950
68419
54787
74237
59693
40916
19315
89465
14053
56486
92185
32816
12180
18104
49573
63862
93864
57274
57750
86344
25400
89794
30330
53393
90652
46554
3824
13713
35058
88506
20155
386
31659
84246
30965
8279
27362
29975
33697
96087
10113
67614
70170
74284
71211
24035
56508
27227
41799
74230
97006
29260
19039
72204
40674
28701
97580
1339
41994
91820
50641
37911
70552
58148
7491
36804
52903
86734
16327
33488
10374
83762
60045
74429
79644
28006
18166
69313
6742
77523
95426
76968
96721
81335
47602
87714
4749
53442
9488
39860
55344
86438
65721
57250
72567
57934
15483
70414
56771
5003
35137
50441
34377
33121
24694
26225
96091
77408
32396
75315
77213
57472
88417
94160
13948
6103
66010
55097
76976
95812
16929
74280
44363
59969
38279
68354
84632
11338
18276
44824
22900
24807
28720
40807
25976
90891
51727
18759
88398
71137
7940
33011
17147
90770
11778
72404
492
26761
2028
59932
81190
16170
84273
89499
87061
29899
50073
73120
85871
23310
50711
94064
51035
89122
46624
12484
1157
36572
77567
26850
98627
7159
39527
30159
83517
65880
30276
98529
68845
94499
7370
66782
232
25853
63343
15389
98028
38810
10964
56236
4746
67101
14073
33597
72696
73829
60857
68990
55786
71170
72797
83022
76230
91463
32027
46849
51218
46760
64835
54054
16965
20332
26844
30474
29409
16960
72913
19375
50950
6274
94422
29553
27870
32152
66072
5762
69493
66014
49920
35114
60558
4617
87763
11411
66537
48547
36427
88813
56587
96576
80872
11582
45743
57089
91281
66546
77198
58682
77429
98335
27331
28465
34573
22404
46196
3095
6128
68596
71033
18257
60782
75833
56389
16004
89386
69344
39521
33241
1455
35890
69822
90365
92432
45680
92024
82037
30167
93883
54942
60506
21685
93409
92465
20290
25824
92076
96077
3197
93078
98278
84929
98288
46600
54680
53054
92429
75505
78910
21806
97342
1343
71552
52407
9342
25887
45590
24957
85458
14718
7972
14301
56408
77387
94025
88227
5655
56741
72759
73755
95798
1684
90307
21175
41645
62258
92778
3573
52822
53654
84206
48999
6253
35313
66809
98360
74670
27519
57010
82619
71086
24918
85621
98076
72674
86225
1601
36500
1788
42114
62101
86879
96377
62629
69997
14918
15043
34775
26842
56285
28583
63890
66883
93492
10434
16029
56099
36347
19477
92239
49212
14354
65963
52580
74475
96699
47637
40858
98635
39502
9065
86138
40576
71407
79938
19913
72312
68460
48657
36135
21960
35772
18049
17802
29662
96324
1541
79542
2858
15585
34797
10053
64345
7238
44073
29174
79465
8953
22897
79922
60863
68421
10102
50173
48973
7668
3087
62829
53921
63429
87385
22213
60500
73961
96744
60551
42286
44813
54640
97634
32404
19294
88483
17818
85592
55070
55648
79766
56753
93058
6823
77789
74360
97756
8919
15469
10256
9899
51372
40002
31528
10890
85799
22275
19588
47079
36246
53982
31050
32954
71468
74370
16447
45629
67428
9146
59012
1253
67495
51093
73834
26429
52431
92798
71330
87547
914
25433
99547
22137
45250
63896
57697
72844
54887
58443
9313
998
14530
62777
63644
62944
30750
35548
86370
82683
64779
60753
371
42039
35049
72773
20518
56721
86244
99151
12966
21842
59268
9799
19139
3466
91306
18569
53457
82965
37807
76131
33344
14376
5232
26915
51596
84337
71853
8403
6730
75360
56394
65803
76737
17610
6150
40514
78220
26958
64795
62654
44949
38494
25483
51237
75831
29520
35528
14926
19299
68473
3499
17143
98852
29633
91428
24187
57339
96570
44942
81375
49512
97438
48743
95155
27332
73434
16262
79624
22537
96865
32056
82834
57023
58944
55886
9162
33297
81786
47704
38002
20978
26935
47168
15714
72082
55098
60806
78795
49388
76098
71584
53764
92458
32992
3816
20430
50239
30998
33981
37890
9277
28335
21457
65562
9394
66848
3683
64951
75813
99134
79121
3040
21207
10782
98777
10873
62205
11942
92742
99645
88612
91744
76448
23429
32303
42302
66749
75672
67542
55125
52893
35496
93596
71271
50165
72063
61236
86303
8851
85969
57686
22280
97071
84767
57376
65157
70665
25845
45218
22998
97816
33442
82659
98737
16978
50345
40362
72587
49297
61868
31715
17615
18619
79283
67699
851
83284
85356
69843
23111
79237
30160
85551
57061
46128
95767
41573
97301
70493
33575
91648
5243
5717
69561
64670
31920
18328
91462
34836
70191
502
30772
42552
85431
47197
398
17219
11232
99937
37900
33975
37065
41952
19571
1440
97959
76791
46093
60608
79855
75268
38655
65677
87578
75638
81914
80424
8394
76335
50665
78922
68709
88137
39600
712
60708
59093
90699
7146
99115
17784
45301
36489
34978
36312
69726
30043
94519
65973
84691
13210
3689
16058
43487
48203
79
63451
67319
49116
10787
10182
80243
79352
85234
13182
80007
66211
46935
96602
24433
11349
76943
96058
91682
37230
56239
72409
1044
28319
85173
21942
58775
93482
79003
55024
60038
7078
68360
97113
67042
3717
25320
77636
16825
90803
36196
34043
57888
30222
15675
23043
2736
41538
96819
31554
18975
99688
96706
50465
51479
63800
86796
17770
67045
69968
50321
66702
22576
46299
78201
66605
2643
28911
53084
75580
81727
85933
7314
44749
61564
96250
60870
6047
60899
97708
87802
21516
43392
1007
83480
84985
47820
51981
24327
87803
30975
65676
19989
73109
82143
48475
30026
65507
82210
66230
4825
69833
91120
75497
28136
57579
39220
15646
69706
11141
10071
27738
64689
94078
72375
13279
30899
54923
30441
83121
13446
2863
65047
32005
90589
44229
43710
60883
29564
98602
26502
44955
68503
95085
41004
39688
74828
35259
75926
12750
83699
58985
2536
13328
35138
96225
82229
11189
1704
48926
87634
1316
24370
92158
64561
40834
77016
62429
93125
17175
44762
95520
75014
55855
83618
84338
30202
19644
82138
11923
77634
21903
27020
43455
6410
95137
31499
71960
20095
16062
32879
27339
93810
77000
73041
91458
51708
54077
90621
93496
35929
9489
59455
62591
18065
74699
36242
11164
6364
1605
37545
66527
87227
87716
35023
62447
2173
64905
13433
43393
71506
41475
29958
81750
22104
99299
53179
63864
53815
48490
15679
76862
34683
58781
10411
98637
47099
77269
13113
10205
45241
51334
65903
17702
68305
47729
98907
2461
14100
37571
15978
8135
67899
883
97367
15557
67883
96420
62322
47208
47517
77005
72524
95522
8117
15607
81399
37228
69000
30138
53311
29681
75051
65888
33314
67991
41717
77280
92511
21743
82897
55067
77862
12167
11415
90345
82385
32216
95253
12332
58554
67775
2546
7253
2805
80893
1451
61272
54898
11624
31037
26618
55915
7414
19394
11902
42574
72888
23327
72964
38126
10858
72475
60970
98081
22899
96088
18302
83712
19642
58764
66207
75274
31688
45565
72709
83768
15818
68582
19185
16740
50149
46789
46781
74279
57251
55082
81581
21753
88609
75604
25703
94179
26574
63773
24987
41119
90470
16285
74481
25967
48419
35552
21109
59233
23531
86926
50808
90236
55544
92431
61419
17463
71546
171
27143
92808
32863
35358
85751
57977
38629
1931
38265
75597
9030
33213
31611
29804
63234
767
22479
90896
51052
8152
51151
31699
57073
433
5353
70335
45983
51941
85916
51297
47547
58687
99373
43893
74238
43704
55490
32728
53142
9935
62466
86538
74343
94465
53579
22437
47930
69369
56179
96232
51147
31559
87668
16726
19213
33288
37218
94686
86347
10035
22919
74951
53628
9672
4736
2226
59834
52444
56371
44768
11621
11680
28430
35814
95848
12911
23411
38251
777
84255
51875
43512
31102
24925
71425
32032
96361
30646
66731
61884
54372
94989
2155
20474
6287
33909
357
63156
2880
75844
27219
86818
57192
23693
11661
45391
65382
85992
54825
72397
9991
26716
72608
99895
5332
95421
78748
89999
18024
92730
72649
19316
18171
74944
95618
10997
52757
11325
43289
14944
87719
23201
59475
6951
22996
84862
35407
58468
98320
83398
83027
82977
21788
99760
41063
53285
69245
55334
66258
95673
90721
20830
61705
45293
58699
36910
42071
8017
83165
76516
82698
50606
68085
49437
15706
24498
46298
93873
18859
17080
28522
78111
75292
68925
58511
63745
18983
37750
11956
67462
26911
57017
59894
93999
56242
34612
56357
30001
74949
4363
51042
2808
40081
21496
5533
6115
16335
61831
26276
8683
7891
71510
26086
10271
87321
56662
91944
19076
65939
2234
33765
71123
18395
11107
79164
90009
37832
45508
36626
2746
21932
51389
24179
74652
93562
23160
42565
90150
95165
13353
56794
87477
17968
79551
85931
14979
38770
56867
7998
81487
42594
61973
85634
67293
14443
51215
78408
85004
65931
29973
75447
96408
69179
69808
98793
80898
59933
69721
33940
90321
83400
36152
76883
93930
23545
18293
31257
47450
75692
87109
95489
2960
14719
20053
91627
75388
72446
86393
84451
89925
71718
7793
16469
92538
89124
8995
30034
41165
91836
65164
33024
2261
78726
4083
45166
51823
18902
23287
5384
19633
23765
65194
20443
73332
93109
72180
23792
56491
81298
95147
24440
1194
83421
96110
75252
63203
79022
15004
85720
44642
66820
82874
66531
63130
92393
29619
80292
70833
71037
5464
29047
11761
7795
76569
43304
5953
10718
11862
96305
78227
5122
13046
44194
71883
74876
40950
48380
84859
59372
76729
53734
13726
52116
41820
1471
40570
70796
20817
3289
34475
94647
882
9109
47029
72669
56288
80232
82591
25802
78499
28185
74884
83428
94517
16676
93336
26902
59200
12238
11907
47207
27191
87515
67749
78218
38067
51878
9749
8567
48351
64547
13830
30902
92357
8450
6628
74922
49685
37235
98240
60931
48013
93662
67850
5801
35504
12929
63348
1852
67122
22599
88626
69214
77578
64202
76890
11511
90458
65685
37923
57290
25985
3400
20650
64892
4580
26264
47227
98590
88588
96876
4037
26293
30649
89611
80639
74650
8397
49487
78327
67876
43466
48683
21168
60462
81392
18292
9133
6233
15660
60411
7758
29406
47023
96281
62764
16172
26173
90471
38425
55332
37649
27391
6616
12493
63502
38176
41099
59004
89853
71268
57661
60329
11433
17059
57709
31099
75240
81256
76935
42513
60969
26963
39655
99821
98883
65968
87798
58387
77351
23850
12872
4965
42182
81590
26254
21349
57050
68889
47752
81488
52621
58356
78649
26954
47345
60671
34118
82283
76495
44325
90379
65200
49652
39866
38477
3288
85349
27614
85275
76838
20109
13735
62047
58779
84980
97534
95302
57211
83511
79883
59414
82758
87486
91628
44689
3516
99447
81467
26483
98453
33272
24551
95536
41494
95004
78899
4168
52553
81506
21754
86549
88009
21931
37423
28537
26272
18522
67794
60918
42993
65813
48223
78414
72585
32811
79856
39027
42598
93890
25818
1297
51150
82542
63100
19013
40984
83609
32414
24226
29010
68513
69872
5279
55581
33702
17206
66216
43352
75423
3747
17855
82181
3168
53230
78626
27773
45395
67092
10068
7396
91899
62894
89691
83103
17928
37157
7239
31730
71762
34776
73843
60154
46453
56580
41363
30358
47365
76392
37810
36531
57745
40588
89838
50838
14252
44766
68980
86131
15794
27454
39742
64369
84259
3010
63632
25502
49539
84600
34270
5225
14356
19471
74727
99389
36115
34698
85187
30370
70044
41565
18096
82470
910
68848
73651
68531
63774
73909
32650
27022
90964
52865
15047
45803
77386
82923
28951
25078
85868
37135
81088
75613
80015
74218
67507
68521
37858
20145
65665
86433
70924
13414
82204
97090
93959
47861
22383
45108
53625
9802
27956
72652
78819
88239
60433
56638
87697
52955
89868
12046
26510
28884
35700
32900
65879
63136
90902
77281
71810
68166
67856
62731
56069
87479
55585
17571
49952
20959
14260
35696
73744
73343
34215
95879
58264
66629
37362
43644
34169
79516
24044
38009
20336
20347
11199
81674
68897
42617
97779
96977
66038
84225
5560
23348
97066
42497
21886
84521
4398
39879
49639
26807
82329
34769
17242
82031
38730
39664
65754
76396
22865
21027
60673
42212
1245
61500
34431
40845
47367
66913
68170
96027
39079
33787
85195
36000
97691
53883
50856
74713
79141
37774
35731
14713
63844
82645
53959
63067
47471
47339
26998
50356
22270
33626
7970
8284
36609
51341
69506
40515
16872
60646
3974
88476
74941
90558
77489
80069
16393
45221
17312
84607
19410
57381
84570
66310
83119
96713
51466
72296
28469
75069
62793
37133
8762
59519
89267
50955
2588
60007
52550
7478
77672
21409
899
17256
25519
67679
23427
85801
22289
74673
70074
31029
23012
48544
20256
5544
92696
27305
38831
66564
45244
11032
14520
61416
53513
87428
95154
14941
63420
24143
28028
59324
32583
42792
74430
4003
30440
31620
13469
59737
83885
82164
76430
76650
52486
32940
99526
93159
76589
36577
8837
10736
60591
74910
75704
76591
13203
14294
85730
99620
32387
84111
14304
94924
11698
30895
824
47369
19869
9076
51390
43206
11016
26873
38170
95249
88261
94677
30371
4043
63734
18666
44485
25279
37897
74855
8952
53364
83291
72836
56645
28957
65343
3334
74189
7430
78033
64374
63405
90925
49808
95497
75057
96569
27015
78168
57608
31194
28305
58320
8277
11135
11109
72451
37470
42028
733
35008
85774
38759
48958
77143
6315
34863
64483
55740
86902
92925
92615
4406
23270
45807
31843
90767
54257
17210
40284
22210
74367
50593
96429
87405
88407
1239
48308
32964
47343
85761
59665
7597
79659
26214
39327
68008
9886
74945
11770
82590
84182
90547
79633
14434
68685
84055
43149
32693
71805
79132
88270
84957
95616
63082
39338
13588
32842
92052
5614
3721
41148
9857
89697
79110
72922
21501
94605
92475
75262
80097
1013
45955
12189
21847
5957
49859
31698
36896
41196
19193
40405
41911
62557
29912
18061
49404
14087
28217
91006
36199
98612
27200
63327
51330
6924
80792
30108
40861
88906
93537
33043
23190
77454
27140
14508
26723
92482
84739
41894
35764
79039
61133
21483
63687
92526
47164
21675
52004
71227
82602
29166
37710
88797
62396
874
52681
34706
80760
91781
27972
98997
99557
82572
87378
45287
81017
1453
1529
36378
70600
82599
11440
83219
75061
14451
61453
99778
36417
22197
68541
55338
91475
98632
57889
48982
95905
53912
41300
84417
29626
87151
92734
77020
5923
73604
90948
95135
91854
2560
19312
58690
22691
45716
94534
30066
77296
99750
86928
30557
83787
87037
90876
45204
58712
7320
37829
35845
66103
59497
2120
77771
68744
36721
93060
15531
19423
20823
78232
16816
35365
70725
89911
98528
2254
54832
53714
79596
94227
22296
50647
48224
4996
86903
17391
73602
19339
41490
22447
18403
74309
89841
88272
70055
58470
60383
59401
58718
90804
10568
87382
40552
66458
68180
19422
34934
35243
68479
2156
20821
12211
28257
6063
68112
34439
83084
77057
51313
29588
72100
9922
57422
78758
57758
21239
61749
67566
86871
70771
12619
91157
61706
14933
62858
99058
23281
54323
42667
39928
50559
44891
83881
82964
61509
27616
71068
17356
61966
99199
68050
50524
29676
69515
60967
31516
99752
88964
51327
87062
18098
5642
41812
13774
82980
97252
47869
4279
57942
9752
37372
93689
8871
32171
25751
21605
94527
63004
50751
14268
80569
72574
14639
80440
66210
54467
27114
29874
43757
2287
61521
48320
99079
97961
87761
45556
56399
93236
50061
67838
92267
20016
86594
37772
32611
34440
69801
18734
81760
46604
85980
63397
89195
94140
93980
81448
73627
68884
30015
27110
21671
40098
80554
45259
46358
13300
21704
36179
87173
62444
54773
64470
97701
35011
12951
44586
18529
52313
2021
9288
62786
47981
29625
2869
92418
48911
77504
10980
36248
61516
72245
34262
73635
33598
73494
20605
35062
20996
46293
98347
47531
48844
79107
36633
15811
49677
87208
41532
36110
92270
53522
70461
77425
62751
91167
62714
60637
87044
84505
99787
84249
58964
82857
58390
99196
62540
586
80913
44528
23674
91090
77357
41192
41353
68255
30443
76459
40269
45480
90845
79382
51300
29194
25200
45858
30019
98754
78565
87465
49343
93323
9167
63063
22264
71085
96727
44887
1655
63270
38543
81326
74523
76019
98971
97766
71049
31359
97087
57846
68789
28420
52182
78854
46761
61349
52160
15919
6676
39219
73473
96688
91498
76469
97625
77483
66972
1599
90290
82786
31385
86166
54101
45405
97352
48043
27172
54778
73636
61840
35943
9418
79550
64843
87829
34424
3453
6418
26606
67249
1266
2611
356
40496
93098
7264
40683
57463
26500
86440
57705
37558
10062
8971
44392
70393
34371
60078
90827
89058
62312
51549
69020
95737
98460
94391
57282
1051
68546
47155
18053
26748
29821
90525
66323
41335
69022
55631
74235
74256
85886
927
20059
3306
1192
46859
12683
28147
32889
58997
32019
81420
22127
91259
84236
38950
19010
50036
41676
35041
12348
13425
3286
40974
26740
46672
55377
45481
86751
16641
34613
12576
65
25027
95989
13488
57948
61614
56073
32970
3330
27060
74527
63267
47941
92277
63482
45943
49543
87869
53006
2886
97569
45784
14975
84130
32610
26265
58318
80075
6161
85138
25012
58601
92380
56076
43989
33724
87532
75905
92989
37956
54495
33502
50823
39047
83336
20427
65119
89796
46401
30704
91033
51238
66846
97829
14605
29387
75304
40135
77596
88610
13272
31074
23833
73404
50273
31924
21620
3727
45399
31673
3802
47417
6070
36037
22845
64361
13831
8460
11527
33311
23129
70714
94233
10909
57737
11489
63686
23828
76529
89580
2499
17496
60089
26355
7927
42451
81900
83262
48368
81472
45438
14202
47021
16806
14916
9649
57976
79585
96991
84184
85318
21374
15278
65297
52803
11991
44842
88283
7071
44809
56062
92845
46060
25950
10535
90111
89943
30804
26442
80581
309
73228
65863
81223
67346
69894
95407
95082
13550
19514
92080
64760
66482
65691
65877
65929
521
1559
42791
87144
51929
13310
57410
19172
39248
10751
38061
69578
68244
81034
20231
34261
50353
74
11797
74887
80899
22156
32631
74030
13526
41095
63243
90350
8441
70419
3908
87725
30774
75034
49773
80333
29339
43912
4491
64759
82409
2609
88043
81637
93900
84101
17912
75321
99775
20545
85991
37426
34816
47590
42338
1936
97457
27985
82568
24439
82424
84492
74726
95995
89280
5756
54844
51605
57664
8651
31307
87052
68474
58180
54539
77491
29397
91816
63732
79367
62841
34915
77164
65310
99270
2966
15005
45136
82489
50892
80423
59342
86730
96273
13038
79404
24963
58441
49276
7107
81524
50620
35056
20967
5994
82451
23841
98217
24991
22302
46793
50483
97225
6942
43683
56388
59786
72641
5029
12894
37670
95235
5185
78730
557
49430
37532
23762
54651
30909
32602
23309
63262
74159
20278
38971
98835
87266
57253
90184
3621
78372
84564
89880
90971
58526
52370
40276
37166
61161
21701
10974
97143
3167
24952
27193
46377
73689
55724
51756
50083
76158
41859
55976
36541
7667
64334
63976
99927
31062
69309
76058
87953
90584
49140
73697
67060
42515
179
81468
13859
6845
74440
37156
75979
40598
34687
46638
43174
49565
68223
77773
34184
95920
81109
54333
70405
16015
53609
64295
84404
9914
83979
56415
85703
12519
13652
87584
95684
20888
22711
64699
35294
82301
57503
82035
90543
77251
52465
84026
10504
9439
89337
24277
86413
65582
61537
42671
8126
91251
77063
23117
24311
62471
22086
80332
88822
48216
60186
89967
51178
62335
40655
12631
57152
97789
65637
67026
42945
74519
59704
13630
11865
5428
49180
65831
16838
70340
47549
1444
27820
76096
4193
75340
46682
71807
62310
47288
30115
18219
34458
69684
66120
74469
20127
11789
58905
50066
32934
95695
58507
67546
8949
72275
81818
20732
13342
95875
78082
68676
99047
18036
50619
57981
6445
28202
90376
1387
28888
63458
26885
7879
48846
26641
22306
84375
127
52772
11264
55052
49751
8233
51817
95312
15442
73510
23863
89818
45889
4274
51419
89043
66156
13960
24631
17591
80891
71660
73368
1497
91928
50170
57174
12178
59405
3527
78434
41903
10939
55444
36559
97667
27906
58981
83571
8427
13855
19335
41177
86628
71927
31093
66956
35392
47196
11499
40074
54181
81658
22548
81092
71424
67783
44005
50747
70452
31966
66090
95396
87529
69656
13576
42037
18542
7334
69818
26810
72419
64686
63152
83476
21237
18784
75001
41037
24481
79593
66693
54273
35610
69017
18017
16961
55997
95254
64625
83884
24651
3870
3080
19177
43580
66345
13619
27210
56326
8862
59773
68013
84738
49792
53346
41599
27398
95045
25903
68144
29815
61068
31127
7446
81007
35820
87661
62721
683
63242
50871
66247
66280
26095
27415
21385
16026
60432
98378
53770
75554
94056
93526
36447
9743
53301
54765
83974
84972
4947
44405
82513
70363
43145
19348
60623
91508
14239
19288
96652
35150
29871
19214
41463
36350
98395
46759
58203
37059
65509
82290
87628
89902
62867
69941
1485
88590
66352
67824
14312
8231
74786
23054
15410
17816
19844
57970
63748
25225
65913
53748
51703
16249
35360
33035
24058
32091
18355
21135
47269
36146
40808
44137
98582
7657
32851
99197
8487
27228
74094
47476
16991
20954
72802
80205
77126
41941
81239
94828
10042
18749
77929
99729
37943
81259
69190
26778
53005
58927
63128
98448
68610
17945
5299
78802
9809
81403
8723
27045
17544
24740
60597
50796
56709
25170
24476
37104
61192
50389
23885
41274
56775
98329
98372
50419
10091
53856
1225
20195
47041
57204
75665
31861
26685
14955
10660
72089
85210
36372
83584
16195
57671
49642
42317
20719
21228
46015
5361
40197
17825
3230
82084
85897
32406
53391
41175
63222
67244
92953
17918
54236
61016
99468
97109
59997
13251
43053
99746
77785
76122
75414
12971
89493
50152
3958
54255
99905
23510
64730
95008
61140
10335
34993
44146
38221
60064
98526
33514
64901
79293
18854
9005
53164
14750
44674
61254
58615
98541
86601
37003
59806
25891
57125
59715
80549
70887
70007
35660
86492
75715
71717
34430
34637
29465
72983
89402
90771
30045
91414
10280
3117
68075
89235
74249
1562
58066
30360
91470
94590
37508
73231
65653
41768
23289
41976
92956
67693
10291
77335
1166
30392
21120
50668
47418
49739
66205
70846
94608
42234
88532
48537
68157
38876
32371
16788
3840
59245
92600
77691
60464
28640
29200
75258
98677
40817
48328
77157
93186
98333
7722
65781
32567
32512
63003
64177
17459
11675
91185
92193
18272
47713
61392
83743
42990
85941
30689
32457
47022
39878
28913
32257
54688
67253
19084
88562
89212
16544
52760
15757
87741
22246
44379
6320
79484
68254
2555
82865
7234
60900
11194
4235
22048
58731
59991
12147
197
61205
12480
57634
10351
88518
34493
30412
84467
89037
51085
33894
35685
78244
6332
19645
85012
78923
68219
93474
33923
80038
95350
64996
79251
63200
40656
84747
72944
11554
92338
75605
84163
81610
83925
61376
81565
97044
13766
52991
24385
4478
18820
67975
7470
79226
57454
96802
59764
68991
20164
72673
54632
54253
53699
69323
22768
10586
95328
23540
53354
3374
52466
93859
59679
88618
82066
99603
23665
70798
15207
18640
79393
36414
57222
43439
31202
7279
92713
34453
88957
10668
79331
96368
48424
89979
33467
88492
22299
80671
70828
57213
8281
1328
73165
69173
53139
12691
32162
68487
85030
57957
47998
66088
49238
2092
27162
71401
31236
15487
23592
44628
14689
37290
2540
45011
33536
28062
39719
22272
48848
84095
13012
54762
51476
44317
85973
99898
7626
51577
9744
76476
46464
41084
17791
28857
97092
70208
48431
71334
34460
48299
1568
5350
36319
57582
27464
27317
33276
74089
70838
60257
54286
16059
76876
66387
75045
73971
73385
85518
66472
48504
6670
29416
76427
71995
84947
38081
93423
3440
60758
53712
15765
74304
99964
95740
89570
12525
77505
74442
33268
53418
13644
48866
61378
39430
47350
51231
66600
52200
9598
89473
76959
53709
68284
34264
20912
28896
58950
90249
54621
73443
54628
93590
24257
19400
27911
40699
92340
55278
60151
28806
18223
55834
45387
11050
53443
77498
97061
58425
7335
63349
33775
41722
3752
16722
23504
57531
16342
7742
41670
44740
57542
92913
41852
65859
97131
46352
26089
61113
28978
95152
29161
99768
7675
8455
66899
51225
36629
52538
26381
85481
66213
4174
44197
16862
13582
57378
41484
84550
20316
17156
59472
48898
7785
15502
92082
54017
65712
93638
69732
52194
73928
90281
61364
33217
89959
62915
48705
37615
19257
62963
39556
13370
91677
21615
78005
83172
52306
18648
13176
80474
76822
37660
45681
23342
35502
87528
4394
30079
51546
78070
4005
17326
66171
16309
77977
23374
79098
33126
44750
13505
25844
23165
42117
18601
83408
29979
3715
72822
76160
24147
97680
58206
49745
93303
61847
44862
46027
42135
83057
93694
92800
16287
36456
30819
52159
21045
38450
88795
41375
83479
81101
54314
36770
31237
70489
29210
12136
78539
67275
6846
93407
52298
50967
3310
19251
66620
64122
87106
92539
54662
28489
17687
71300
44789
83959
13420
84453
49970
76620
28839
6632
82761
41373
89527
77065
30227
84001
66424
48616
9253
42942
90724
87789
11085
80857
18338
19964
4162
3649
56883
59859
7916
80523
12323
60479
78487
62479
87572
58201
47181
65836
9890
89745
48038
16232
43888
71526
27033
71183
26181
82436
31869
33951
82909
90952
47151
61027
96693
26659
42281
89869
40635
42450
71792
98695
23434
41720
3460
24507
56383
41971
99890
96978
32263
99607
95247
2789
79411
93311
20591
68725
86448
74990
69390
3700
70966
97163
8675
19897
95445
13621
15843
53608
76911
29695
32007
21563
71021
20044
72194
95971
45601
14991
15940
15809
52401
37237
70206
34870
64478
51591
68569
2159
36742
47724
38317
76766
63445
14806
23339
66453
50028
10075
89028
9773
9441
62748
10969
36690
78640
73479
18340
25212
49316
97605
27328
61186
19419
29828
3163
78399
67689
94627
10790
3736
16911
14209
9485
12273
39144
65569
67134
96357
71084
80235
46582
20448
1025
84086
36778
20527
72482
17152
53745
44582
95330
59662
32398
43440
41557
52213
69089
27959
5774
27216
91048
29742
1956
61152
52024
98935
78513
36081
67813
73488
18939
90261
31302
7716
98392
49936
5880
60487
8729
54644
95424
13402
6469
82081
78615
22392
55402
15228
15943
55625
42006
36042
1100
82888
49603
67109
18124
12666
37666
48422
94643
90287
50060
66551
2527
57850
25073
57486
8385
90868
77222
28941
37465
53562
48400
22106
43028
57547
14967
75733
77409
60991
24983
96566
76124
64607
40805
5669
8960
39456
40399
36305
35475
18564
90731
76600
83528
80520
10948
9894
49315
85499
64313
94280
46834
74117
76932
79994
54980
64299
95702
6553
4977
44794
2779
64916
61594
30823
91971
71790
29673
6777
10571
53342
99020
96486
94094
77684
7493
44154
23955
15197
31300
67159
80728
41831
36338
76314
94128
99046
70708
7073
16291
13696
1769
64650
35950
90677
62582
31846
85127
90171
14357
28417
60367
7045
77673
52826
37028
53596
54435
87244
63111
28572
93855
50503
7737
28005
20816
96085
67005
19239
70783
3767
5049
19985
76631
73853
40964
16702
84820
30003
63061
11423
66700
8509
35402
81235
1346
98929
10643
99285
4166
64441
63252
16018
62459
19098
34146
1721
39746
4566
63020
36164
60580
91758
60162
93052
59073
62003
11111
26668
78991
46665
72314
84300
41861
81297
28513
96467
86673
56331
37338
21765
90132
68560
58234
15974
95707
47174
52362
55218
55911
89381
36235
24775
50108
83651
20572
62273
95310
47638
98630
45457
44209
65701
53785
36062
83190
8873
55789
23492
99019
80790
80744
5605
89450
19112
33781
97347
41183
94215
9195
14426
84629
35013
64922
64939
61880
49173
27776
43329
79497
17096
57182
31254
69090
31726
31859
81037
60666
40280
75948
29363
98853
32623
53718
57858
85362
94587
23937
69630
27079
95357
6706
40070
21705
22358
25020
44104
34288
73384
62703
15998
51854
73888
33106
26227
71243
21783
83552
51406
31445
72765
48048
87181
48805
21150
90755
44068
37047
67665
27885
75126
29015
86825
93838
51789
85479
12459
63966
76747
51829
81106
16549
5421
93007
15183
60630
9638
35203
46729
27387
19542
26689
31215
1161
82588
23979
83002
39847
2973
85711
49076
80291
96171
4988
84670
31290
46845
17772
9410
70136
68913
3733
5709
6312
81758
76799
9182
30659
24096
73126
99550
16360
35457
72728
36175
66202
40012
72444
72507
79936
76917
74142
34796
3978
82838
3842
47600
86623
93879
60485
17018
85418
58223
18660
89130
59528
29789
1083
48106
95202
24572
50843
64790
39725
78416
96043
71415
85203
91367
50624
86792
71801
27838
46752
81085
81876
15065
35234
93896
23013
84445
45291
73528
67998
63030
7336
93771
8337
60328
56953
51930
64031
27931
75724
24106
72353
33727
84482
10150
70871
58659
90981
23620
26160
13357
93134
73703
26350
68983
88631
30754
41345
98867
49564
60098
45766
974
76318
30590
21446
36513
47767
87748
33588
35156
61947
486
83722
17031
77535
84241
61824
57056
70151
97769
57230
17019
60789
66853
31382
71368
81208
83473
21807
13858
27874
22117
80622
55480
72545
35482
48246
90624
99351
24660
81774
31745
73410
93946
66407
25560
42462
25287
26835
55274
75685
54862
75653
95732
75041
79087
92179
15752
59853
39267
33114
26088
68948
94760
43983
4175
1594
75470
64370
64937
50613
2131
82749
57442
12932
40580
20985
76915
99939
21358
18673
55386
36395
82054
31495
13477
20484
90474
8553
61871
25642
7630
28770
42555
31186
29357
75702
51391
11166
80930
55757
67771
34483
22356
56202
62529
76130
79398
29410
57221
52361
76331
4191
79188
41393
4049
22413
35615
66875
28926
86445
90002
56837
88719
64946
85137
68664
6114
49480
32340
57071
84899
25416
35077
74545
12413
9860
65471
10923
29035
39367
47826
45165
25803
8812
23019
915
74882
65217
91739
74107
71583
49413
2305
32360
39531
32155
14854
27978
29526
56280
63749
84823
35134
76387
3561
74911
1971
4964
61737
85722
99132
59191
39708
1035
19562
80315
3903
91180
34334
61967
79313
90508
14858
81094
31759
99376
9294
57817
77384
59454
35238
14768
80031
24610
68625
18595
81262
33378
43604
63403
62620
20866
54973
83424
82237
28084
83685
75976
81191
96904
2510
43449
42083
4130
71622
48499
53547
58085
51860
42938
7581
62816
79544
9815
57138
44729
9107
46576
54121
35287
18152
57559
77662
3559
97992
67347
86915
34600
96472
51620
29066
2774
41087
43014
95773
87449
7013
95870
54015
1607
93673
54986
86401
98749
53270
34166
83948
43545
25999
26422
47238
57717
83638
29646
71154
98747
91519
57223
68820
41405
31689
81531
23106
91609
93793
99785
32762
5215
87179
56826
11876
8739
1948
6373
13620
76257
91867
79442
88846
50214
18119
91236
30382
45362
35101
70021
49301
96979
5872
32116
79788
3050
30296
87579
79790
41033
22492
85700
56020
83363
21610
81703
61937
66227
68865
26456
26567
80580
96378
40460
93735
90208
84762
54983
94578
27385
13676
37688
93566
97015
33285
20289
82661
60743
48435
20046
73953
65517
71393
89251
41307
28468
4124
23443
96620
49600
98122
4815
16081
80128
80655
21860
26172
34232
60658
38746
42372
38797
59170
32177
1879
24420
33409
82171
57908
26157
99124
45577
77290
30425
63925
99147
7388
69765
38769
53496
35715
53243
12496
74494
63364
28130
16756
9873
92163
68332
32288
1068
63559
87850
68851
96436
93706
52979
50848
34696
79579
78353
16742
87381
9224
75190
47541
63783
62601
12476
99878
47659
6477
45439
74522
97818
73655
1700
40881
55557
655
93664
91704
22981
16674
51652
28935
18072
50817
36936
57829
66397
64918
75651
43826
42743
49337
40078
61812
93500
23926
47739
99148
44703
94255
85493
17939
37664
38272
84484
41655
84902
88288
49631
86192
13816
60972
48696
56509
90522
48300
57708
84402
55769
47098
42273
91176
61332
36824
70285
18524
22698
13169
2114
91438
35369
49656
57306
71244
24429
59090
90694
3399
64205
81829
77115
20647
39592
33156
13548
63905
36090
81827
62108
76527
52878
12913
5731
5377
17617
31054
88082
67341
48367
15063
31048
26078
28180
15150
32057
53381
53023
87510
87343
66048
85920
11029
19493
26974
5312
70504
47336
30163
65237
50604
10779
48273
79508
91672
18901
84200
48503
39238
59256
89758
2725
12356
81053
33104
45669
21878
6271
4401
11058
66943
18215
48572
26120
34619
16190
87672
8073
57261
31707
77327
28831
26917
22974
28535
71672
13284
37768
3094
8137
3162
48084
57822
94688
97370
99202
71991
64423
31
43283
129
9334
27052
9696
91935
10913
657
44518
64489
75552
54749
53705
14340
21644
53557
26245
89286
4048
67251
40255
54511
37266
81254
2649
40490
46579
73844
28179
41865
10677
67217
40698
1302
25418
60894
27304
52448
23801
27617
41576
38961
55058
48725
62309
97374
68818
12013
76811
82482
45041
15917
56704
84685
42318
3830
91486
69054
29401
51495
7864
86691
36954
96227
57749
1489
64732
67859
60229
55761
83183
6890
34814
84283
9490
32419
82957
70498
69514
87153
50256
27047
556
73283
17541
1715
23569
73880
84443
17737
82432
12848
27434
24948
93576
7614
88100
15351
98398
13075
39888
86220
87726
33886
24469
15407
50844
8299
47454
35163
22662
91131
46750
65554
76282
2221
99387
12770
60585
87377
45607
11614
63265
5168
244
1347
76377
46057
34528
72345
3042
4197
98648
88500
51137
17318
19703
35647
70926
64780
25987
39691
53321
30347
3091
70837
16794
18251
30068
62417
29747
20143
90966
20334
77973
51709
98482
48619
51398
26401
12142
79100
45127
97772
75430
77757
2390
59884
26871
97786
56642
57635
58426
63373
93048
58276
72130
43700
61932
9237
63239
55211
8496
4743
49980
69782
23723
76636
37409
27498
11657
80555
63875
61405
43133
35042
54204
94353
19617
91039
98074
10077
62434
21505
56577
21697
61968
27631
52013
54918
510
36497
31981
45313
23349
97672
25981
37351
69633
55156
76415
27640
45363
80309
96592
16839
10142
83796
56975
67255
61683
57878
98323
77125
16278
77113
83396
39834
21000
34296
79889
77635
42926
43412
98744
20942
22326
66110
9500
90591
70914
20669
34363
85438
55602
63386
97805
68435
76059
84983
71689
42130
91582
81745
95629
8522
81893
10682
38044
85142
72621
3191
34747
85564
44676
36167
31217
95066
50591
94399
45818
28479
40627
53025
71144
52615
79761
66106
68663
19207
59084
48673
34323
68288
43860
45782
98517
86028
6051
33826
97178
36054
3505
95593
75219
94786
37799
39669
31365
75826
77824
11196
5055
99136
49426
30139
33026
77416
87929
96732
16156
55898
84208
68798
52530
40581
96410
74831
383
87284
92911
14586
27195
87536
93651
72607
55204
83233
85325
88408
44196
74614
40948
92170
53580
74422
61930
12280
23678
13598
27184
63643
54032
40190
76641
34903
59339
26431
27183
24790
43257
50312
37935
24023
29712
20395
36741
73866
28961
43247
27774
59613
5999
60981
37783
56482
50335
2952
98974
67082
17832
55047
4613
49968
58975
15474
85842
87610
58127
24496
65758
57469
46889
61963
75303
84751
48886
73801
28219
85978
40437
76197
59359
78016
11974
70806
90464
54625
68587
52201
31789
91204
83523
66710
30314
21256
28359
56258
63380
90429
51217
79472
47167
58769
70421
30734
75526
37143
62237
10945
55456
89503
69593
94633
63828
99767
48491
96428
24180
8757
13410
46318
45350
81977
95324
92760
38250
27224
86780
96645
16116
32755
86842
88757
95057
72088
85912
84993
90020
37712
71822
88499
31543
2322
76203
2438
43509
87772
6120
1858
89802
34861
93398
67023
51190
40303
23776
73466
18756
17291
10243
48124
95822
64966
20634
99329
41279
99103
69876
16438
49740
96201
78465
38639
47797
32534
44234
70214
51098
76165
18288
13078
4676
43395
39522
75587
43339
55100
38802
67469
50081
81918
85089
35913
11690
68366
37589
64612
48980
52057
73286
44042
87876
86869
73919
83095
87490
86839
50211
47751
93687
46261
17749
71361
15153
88044
28164
12650
78442
68976
82643
26011
29946
30945
3755
22580
83645
67797
17149
23854
90865
58411
36141
31316
66708
63226
12901
5110
69205
56086
32975
77265
59598
14668
9449
59811
63563
26306
27207
55551
26507
30353
40395
67500
61
81457
63671
47522
43276
55493
25249
12594
20252
25267
55150
45253
81404
13559
70409
79291
44469
20265
50773
19808
99493
70360
26261
24132
55906
67239
37812
1360
38606
3131
54153
30168
3383
40803
73781
48713
57699
91593
75112
43843
30047
21588
12782
77443
85092
66306
58778
84713
76414
71044
23225
2338
39397
39859
39845
54543
56816
23534
36966
38552
8931
45865
60339
17145
43456
71522
74881
39593
87157
17051
26799
34015
86133
39422
67231
30882
36852
54024
94218
53504
52205
20914
27241
58235
37249
85133
73719
56478
78186
80519
92201
96630
93693
30271
77056
95250
26623
53302
46964
71629
73672
75986
30852
29998
98771
97013
4317
12487
77577
66673
84447
2946
49607
39785
37837
32265
73542
76178
45463
55600
74049
25835
93130
72568
54616
99840
11174
21280
86082
46850
91247
59656
78087
85815
11460
2829
18407
17890
57415
60956
74964
53013
82844
63625
93646
63232
95524
1337
53412
65118
72716
64762
67881
99710
16587
57069
25021
7845
50768
98294
38475
16951
4094
47754
18618
29254
37940
75834
51430
79154
33501
90727
20148
20184
41508
3704
10452
8557
60451
14324
47137
46364
84118
64813
71386
39757
94000
12791
4303
2773
1834
79597
72370
69840
93428
91328
48735
2435
63738
89123
63461
43624
87426
74913
47518
54840
53906
4939
5551
94936
19615
126
97022
63546
64976
95395
24950
77580
3026
40071
24388
4304
49973
58219
13528
79272
39584
52605
85383
